timestamp,tcp_established,tcp_syn_recv,tcp_time_wait,tcp_listen
1774506683,0,0,0,0
1774506684,0,0,0,0
1774506685,0,0,0,0
1774506686,0,0,0,0
1774506687,0,0,0,0
1774506688,0,0,0,0
1774506689,0,0,0,0
1774506690,0,0,0,0
1774506691,0,0,0,0
1774506692,0,0,0,0
1774506693,0,0,0,0
1774506694,0,0,0,0
1774506695,0,0,0,0
1774506696,0,0,0,0
1774506697,0,0,0,0
1774506698,0,0,0,0
1774506699,0,0,0,0
1774506700,0,0,0,0
1774506701,0,0,0,0
1774506702,0,0,0,0
1774506703,0,0,0,0
1774506704,0,0,0,0
1774506705,0,0,0,0
1774506706,0,0,0,0
1774506708,0,0,0,0
1774506709,0,0,0,0
1774506710,0,0,0,0
1774506711,0,0,0,0
1774506712,0,0,0,0
1774506713,0,0,0,0
1774506714,0,0,0,0
1774506715,0,0,0,0
1774506716,0,0,0,0
1774506717,0,0,0,0
1774506718,0,0,0,0
1774506719,0,0,0,0
1774506720,0,0,0,0
1774506721,0,0,0,0
1774506722,0,0,0,0
1774506723,0,0,0,0
1774506724,0,0,0,0
1774506725,0,0,0,0
1774506726,0,0,0,0
1774506727,0,0,0,0
1774506728,0,0,0,0
1774506729,0,0,0,0
1774506730,0,0,0,0
1774506731,0,0,0,0
1774506732,0,0,0,0
1774506733,0,0,0,0
1774506734,0,0,0,0
1774506735,0,0,0,0
1774506736,0,0,0,0
1774506737,0,0,0,0
1774506738,0,0,0,0
1774506739,0,0,0,0
1774506740,0,0,0,0
1774506741,0,0,0,0
1774506742,0,0,0,0
1774506743,0,0,0,0
1774506744,0,0,0,0
1774506745,0,0,0,0
1774506746,0,0,0,0
1774506747,0,0,0,0
1774506748,0,0,0,0
1774506749,0,0,0,0
1774506750,0,0,0,0
1774506751,0,0,0,0
1774506752,0,0,0,0
1774506754,0,0,0,0
1774506755,0,0,0,0
1774506756,0,0,0,0
1774506757,0,0,0,0
1774506758,0,0,0,0
1774506759,0,0,0,0
1774506760,0,0,0,0
1774506761,0,0,0,0
1774506762,0,0,0,0
1774506763,0,0,0,0
1774506764,0,0,0,0
1774506765,0,0,0,0
1774506766,0,0,0,0
1774506767,0,0,0,0
1774506768,0,0,0,0
1774506769,0,0,0,0
1774506770,0,0,0,0
1774506771,0,0,0,0
1774506772,0,0,0,0
1774506773,0,0,0,0
1774506774,0,0,0,0
1774506775,0,0,0,0
1774506776,0,0,0,0
1774506777,0,0,0,0
1774506778,0,0,0,0
1774506779,0,0,0,0
1774506780,0,0,0,0
1774506781,0,0,0,0
1774506782,0,0,0,0
1774506783,0,0,0,0
1774506784,0,0,0,0
1774506785,0,0,0,0
1774506786,0,0,0,0
1774506787,0,0,0,0
1774506788,0,0,0,0
1774506789,0,0,0,0
1774506790,0,0,0,0
1774506791,0,0,0,0
1774506793,0,0,0,0
1774506794,0,0,0,0
1774506795,0,0,0,0
1774506796,0,0,0,0
1774506797,0,0,0,0
1774506798,0,0,0,0
1774506799,0,0,0,0
1774506800,0,0,0,0
1774506801,0,0,0,0
1774506802,0,0,0,0
1774506803,0,0,0,0
1774506804,0,0,0,0
1774506805,0,0,0,0
1774506806,0,0,0,0
1774506807,0,0,0,0
1774506808,0,0,0,0
1774506809,0,0,0,0
1774506810,0,0,0,0
1774506811,0,0,0,0
1774506812,0,0,0,0
1774506813,0,0,0,0
1774506814,0,0,0,0
1774506815,0,0,0,0
1774506816,0,0,0,0
1774506817,0,0,0,0
1774506818,0,0,0,0
1774506819,0,0,0,0
1774506820,0,0,0,0
1774506821,0,0,0,0
1774506822,0,0,0,0
1774506823,0,0,0,0
1774506824,0,0,0,0
1774506825,0,0,0,0
1774506826,0,0,0,0
1774506827,0,0,0,0
1774506828,0,0,0,0
1774506829,0,0,0,0
1774506830,0,0,0,0
1774506831,0,0,0,0
1774506832,0,0,0,0
1774506833,0,0,0,0
1774506835,0,0,0,0
1774506836,0,0,0,0
1774506837,0,0,0,0
1774506838,0,0,0,0
1774506839,0,0,0,0
1774506840,0,0,0,0
1774506841,0,0,0,0
1774506842,0,0,0,0
1774506843,0,0,0,0
1774506844,0,0,0,0
1774506845,0,0,0,0
1774506846,0,0,0,0
1774506847,0,0,0,0
1774506848,0,0,0,0
1774506849,0,0,0,0
1774506850,0,0,0,0
1774506851,0,0,0,0
1774506852,0,0,0,0
1774506853,0,0,0,0
1774506854,0,0,0,0
1774506855,0,0,0,0
1774506856,0,0,0,0
1774506857,0,0,0,0
1774506858,0,0,0,0
1774506859,0,0,0,0
1774506860,0,0,0,0
1774506861,0,0,0,0
1774506862,0,0,0,0
1774506863,0,0,0,0
1774506864,0,0,0,0
1774506865,0,0,0,0
1774506866,0,0,0,0
1774506867,0,0,0,0
1774506868,0,0,0,0
1774506869,0,0,0,0
1774506870,0,0,0,0
1774506871,0,0,0,0
1774506872,0,0,0,0
1774506873,0,0,0,0
1774506874,0,0,0,0
1774506875,0,0,0,0
1774506876,0,0,0,0
1774506877,0,0,0,0
1774506879,0,0,0,0
1774506880,0,0,0,0
1774506881,0,0,0,0
1774506882,0,0,0,0
1774506883,0,0,0,0
1774506884,0,0,0,0
1774506885,0,0,0,0
1774506886,0,0,0,0
1774506887,0,0,0,0
1774506888,0,0,0,0
1774506889,0,0,0,0
1774506890,0,0,0,0
1774506891,0,0,0,0
1774506892,0,0,0,0
1774506893,0,0,0,0
1774506894,0,0,0,0
1774506895,0,0,0,0
1774506896,0,0,0,0
1774506897,0,0,0,0
1774506898,0,0,0,0
1774506899,0,0,0,0
1774506900,0,0,0,0
1774506901,0,0,0,0
1774506902,0,0,0,0
1774506903,0,0,0,0
1774506904,0,0,0,0
1774506905,0,0,0,0
1774506906,0,0,0,0
1774506907,0,0,0,0
1774506908,0,0,0,0
1774506909,0,0,0,0
1774506910,0,0,0,0
1774506911,0,0,0,0
1774506912,0,0,0,0
1774506913,0,0,0,0
1774506914,0,0,0,0
1774506915,0,0,0,0
1774506917,0,0,0,0
1774506918,0,0,0,0
1774506919,0,0,0,0
1774506920,0,0,0,0
1774506921,0,0,0,0
1774506922,0,0,0,0
1774506923,0,0,0,0
1774506924,0,0,0,0
1774506925,0,0,0,0
1774506926,0,0,0,0
1774506927,0,0,0,0
1774506928,0,0,0,0
1774506929,0,0,0,0
1774506930,0,0,0,0
1774506931,0,0,0,0
1774506932,0,0,0,0
1774506933,0,0,0,0
1774506934,0,0,0,0
1774506935,0,0,0,0
1774506936,0,0,0,0
1774506937,0,0,0,0
1774506938,0,0,0,0
1774506939,0,0,0,0
1774506940,0,0,0,0
1774506941,0,0,0,0
1774506942,0,0,0,0
1774506943,0,0,0,0
1774506944,0,0,0,0
1774506945,0,0,0,0
1774506946,0,0,0,0
1774506947,0,0,0,0
1774506948,0,0,0,0
1774506949,0,0,0,0
1774506950,0,0,0,0
1774506951,0,0,0,0
1774506953,0,0,0,0
1774506954,0,0,0,0
1774506955,0,0,0,0
1774506956,0,0,0,0
1774506957,0,0,0,0
1774506958,0,0,0,0
1774506959,0,0,0,0
1774506960,0,0,0,0
1774506961,0,0,0,0
1774506962,0,0,0,0
1774506963,0,0,0,0
1774506964,0,0,0,0
1774506965,0,0,0,0
1774506966,0,0,0,0
1774506967,0,0,0,0
1774506968,0,0,0,0
1774506969,0,0,0,0
1774506970,0,0,0,0
1774506971,0,0,0,0
1774506972,0,0,0,0
1774506973,0,0,0,0
1774506974,0,0,0,0
1774506975,0,0,0,0
1774506976,0,0,0,0
1774506977,0,0,0,0
1774506978,0,0,0,0
1774506979,0,0,0,0
1774506980,0,0,0,0
1774506981,0,0,0,0
1774506982,0,0,0,0
1774506983,0,0,0,0
1774506984,0,0,0,0
1774506985,0,0,0,0
1774506986,0,0,0,0
1774506987,0,0,0,0
1774506988,0,0,0,0
1774506989,0,0,0,0
1774506990,0,0,0,0
1774506992,0,0,0,0
1774506993,0,0,0,0
1774506994,0,0,0,0
1774506995,0,0,0,0
1774506996,0,0,0,0
1774506997,0,0,0,0
1774506998,0,0,0,0
1774506999,0,0,0,0
1774507000,0,0,0,0
1774507001,0,0,0,0
1774507002,0,0,0,0
1774507003,0,0,0,0
1774507004,0,0,0,0
1774507005,0,0,0,0
1774507006,0,0,0,0
1774507007,0,0,0,0
1774507008,0,0,0,0
1774507009,0,0,0,0
1774507010,0,0,0,0
1774507011,0,0,0,0
1774507012,0,0,0,0
1774507013,0,0,0,0
1774507014,0,0,0,0
1774507015,0,0,0,0
1774507016,0,0,0,0
1774507017,0,0,0,0
1774507018,0,0,0,0
1774507019,0,0,0,0
1774507020,0,0,0,0
1774507021,0,0,0,0
1774507022,0,0,0,0
1774507023,0,0,0,0
1774507024,0,0,0,0
1774507025,0,0,0,0
1774507026,0,0,0,0
1774507027,0,0,0,0
1774507028,0,0,0,0
1774507029,0,0,0,0
1774507031,0,0,0,0
1774507032,0,0,0,0
1774507033,0,0,0,0
1774507034,0,0,0,0
1774507035,0,0,0,0
1774507036,0,0,0,0
1774507037,0,0,0,0
1774507038,0,0,0,0
1774507039,0,0,0,0
1774507040,0,0,0,0
1774507041,0,0,0,0
1774507042,0,0,0,0
1774507043,0,0,0,0
1774507044,0,0,0,0
1774507045,0,0,0,0
1774507046,0,0,0,0
1774507047,0,0,0,0
1774507048,0,0,0,0
1774507049,0,0,0,0
1774507050,0,0,0,0
1774507051,0,0,0,0
1774507052,0,0,0,0
1774507053,0,0,0,0
1774507054,0,0,0,0
1774507055,0,0,0,0
1774507056,0,0,0,0
1774507057,0,0,0,0
1774507058,0,0,0,0
1774507059,0,0,0,0
1774507060,0,0,0,0
1774507061,0,0,0,0
1774507062,0,0,0,0
1774507063,0,0,0,0
1774507064,0,0,0,0
1774507065,0,0,0,0
1774507066,0,0,0,0
1774507067,0,0,0,0
1774507068,0,0,0,0
1774507069,0,0,0,0
1774507071,0,0,0,0
1774507072,0,0,0,0
1774507073,0,0,0,0
1774507074,0,0,0,0
1774507075,0,0,0,0
1774507076,0,0,0,0
1774507077,0,0,0,0
1774507078,0,0,0,0
1774507079,0,0,0,0
1774507080,0,0,0,0
1774507081,0,0,0,0
1774507082,0,0,0,0
1774507083,0,0,0,0
1774507084,0,0,0,0
1774507085,0,0,0,0
1774507086,0,0,0,0
1774507087,0,0,0,0
1774507088,0,0,0,0
1774507089,0,0,0,0
1774507090,0,0,0,0
1774507091,0,0,0,0
1774507092,0,0,0,0
1774507093,0,0,0,0
1774507094,0,0,0,0
1774507095,0,0,0,0
1774507096,0,0,0,0
1774507097,0,0,0,0
1774507098,0,0,0,0
1774507099,0,0,0,0
1774507100,0,0,0,0
1774507101,0,0,0,0
1774507102,0,0,0,0
1774507103,0,0,0,0
1774507104,0,0,0,0
1774507105,0,0,0,0
1774507106,0,0,0,0
1774507107,0,0,0,0
1774507108,0,0,0,0
1774507109,0,0,0,0
1774507110,0,0,0,0
1774507111,0,0,0,0
1774507112,0,0,0,0
1774507113,0,0,0,0
1774507114,0,0,0,0
1774507115,0,0,0,0
1774507116,0,0,0,0
1774507118,0,0,0,0
1774507119,0,0,0,0
1774507120,0,0,0,0
1774507121,0,0,0,0
1774507122,0,0,0,0
1774507123,0,0,0,0
1774507124,0,0,0,0
1774507125,0,0,0,0
1774507126,0,0,0,0
1774507127,0,0,0,0
1774507128,0,0,0,0
1774507129,0,0,0,0
1774507130,0,0,0,0
1774507131,0,0,0,0
1774507132,0,0,0,0
1774507133,0,0,0,0
1774507134,0,0,0,0
1774507135,0,0,0,0
1774507136,0,0,0,0
1774507137,0,0,0,0
1774507138,0,0,0,0
1774507139,0,0,0,0
1774507140,0,0,0,0
1774507141,0,0,0,0
1774507142,0,0,0,0
1774507143,0,0,0,0
1774507144,0,0,0,0
1774507145,0,0,0,0
1774507146,0,0,0,0
1774507147,0,0,0,0
1774507148,0,0,0,0
1774507149,0,0,0,0
1774507150,0,0,0,0
1774507151,0,0,0,0
1774507152,0,0,0,0
1774507153,0,0,0,0
1774507154,0,0,0,0
1774507155,0,0,0,0
1774507156,0,0,0,0
1774507157,0,0,0,0
1774507159,0,0,0,0
1774507160,0,0,0,0
1774507161,0,0,0,0
1774507162,0,0,0,0
1774507163,0,0,0,0
1774507164,0,0,0,0
1774507165,0,0,0,0
1774507166,0,0,0,0
1774507167,0,0,0,0
1774507168,0,0,0,0
1774507169,0,0,0,0
1774507170,0,0,0,0
1774507171,0,0,0,0
1774507172,0,0,0,0
1774507173,0,0,0,0
1774507174,0,0,0,0
1774507175,0,0,0,0
1774507176,0,0,0,0
1774507177,0,0,0,0
1774507178,0,0,0,0
1774507179,0,0,0,0
1774507180,0,0,0,0
1774507181,0,0,0,0
1774507182,0,0,0,0
1774507183,0,0,0,0
1774507184,0,0,0,0
1774507185,0,0,0,0
1774507186,0,0,0,0
1774507187,0,0,0,0
1774507188,0,0,0,0
1774507189,0,0,0,0
1774507190,0,0,0,0
1774507191,0,0,0,0
1774507192,0,0,0,0
1774507193,0,0,0,0
1774507194,0,0,0,0
1774507195,0,0,0,0
1774507196,0,0,0,0
1774507197,0,0,0,0
1774507198,0,0,0,0
1774507200,0,0,0,0
1774507201,0,0,0,0
1774507202,0,0,0,0
1774507203,0,0,0,0
1774507204,0,0,0,0
1774507205,0,0,0,0
1774507206,0,0,0,0
1774507207,0,0,0,0
1774507208,0,0,0,0
1774507209,0,0,0,0
1774507210,0,0,0,0
1774507211,0,0,0,0
1774507212,0,0,0,0
1774507213,0,0,0,0
1774507214,0,0,0,0
1774507215,0,0,0,0
1774507216,0,0,0,0
1774507217,0,0,0,0
1774507218,0,0,0,0
1774507219,0,0,0,0
1774507220,0,0,0,0
1774507221,0,0,0,0
1774507222,0,0,0,0
1774507223,0,0,0,0
1774507224,0,0,0,0
1774507225,0,0,0,0
1774507226,0,0,0,0
1774507227,0,0,0,0
1774507228,0,0,0,0
1774507229,0,0,0,0
1774507230,0,0,0,0
1774507231,0,0,0,0
1774507232,0,0,0,0
1774507233,0,0,0,0
1774507234,0,0,0,0
1774507235,0,0,0,0
1774507236,0,0,0,0
1774507238,0,0,0,0
1774507239,0,0,0,0
1774507240,0,0,0,0
1774507241,0,0,0,0
1774507242,0,0,0,0
1774507243,0,0,0,0
1774507244,0,0,0,0
1774507245,0,0,0,0
1774507246,0,0,0,0
1774507247,0,0,0,0
1774507248,0,0,0,0
1774507249,0,0,0,0
1774507250,0,0,0,0
1774507251,0,0,0,0
1774507252,0,0,0,0
1774507253,0,0,0,0
1774507254,0,0,0,0
1774507255,0,0,0,0
1774507256,0,0,0,0
1774507257,0,0,0,0
1774507258,0,0,0,0
1774507259,0,0,0,0
1774507260,0,0,0,0
1774507261,0,0,0,0
1774507262,0,0,0,0
1774507263,0,0,0,0
1774507264,0,0,0,0
1774507265,0,0,0,0
1774507266,0,0,0,0
1774507267,0,0,0,0
1774507268,0,0,0,0
1774507269,0,0,0,0
1774507270,0,0,0,0
1774507271,0,0,0,0
1774507272,0,0,0,0
1774507273,0,0,0,0
1774507274,0,0,0,0
1774507275,0,0,0,0
1774507277,0,0,0,0
1774507278,0,0,0,0
1774507279,0,0,0,0
1774507280,0,0,0,0
1774507281,0,0,0,0
1774507282,0,0,0,0
1774507283,0,0,0,0
1774507284,0,0,0,0
1774507285,0,0,0,0
1774507286,0,0,0,0
1774507287,0,0,0,0
1774507288,0,0,0,0
1774507289,0,0,0,0
1774507290,0,0,0,0
1774507291,0,0,0,0
1774507292,0,0,0,0
1774507293,0,0,0,0
1774507294,0,0,0,0
1774507295,0,0,0,0
1774507296,0,0,0,0
1774507297,0,0,0,0
1774507298,0,0,0,0
1774507299,0,0,0,0
1774507300,0,0,0,0
1774507301,0,0,0,0
1774507302,0,0,0,0
1774507303,0,0,0,0
1774507304,0,0,0,0
1774507305,0,0,0,0
1774507306,0,0,0,0
1774507307,0,0,0,0
1774507308,0,0,0,0
1774507309,0,0,0,0
1774507310,0,0,0,0
1774507311,0,0,0,0
1774507312,0,0,0,0
1774507313,0,0,0,0
1774507314,0,0,0,0
1774507316,0,0,0,0
1774507317,0,0,0,0
1774507318,0,0,0,0
1774507319,0,0,0,0
1774507320,0,0,0,0
1774507321,0,0,0,0
1774507322,0,0,0,0
1774507323,0,0,0,0
1774507324,0,0,0,0
1774507325,0,0,0,0
1774507326,0,0,0,0
1774507327,0,0,0,0
1774507328,0,0,0,0
1774507329,0,0,0,0
1774507330,0,0,0,0
1774507331,0,0,0,0
1774507332,0,0,0,0
1774507333,0,0,0,0
1774507334,0,0,0,0
1774507335,0,0,0,0
1774507336,0,0,0,0
1774507337,0,0,0,0
1774507338,0,0,0,0
1774507339,0,0,0,0
1774507340,0,0,0,0
1774507341,0,0,0,0
1774507342,0,0,0,0
1774507343,0,0,0,0
1774507344,0,0,0,0
1774507345,0,0,0,0
1774507346,0,0,0,0
1774507347,0,0,0,0
1774507348,0,0,0,0
1774507349,0,0,0,0
1774507350,0,0,0,0
1774507351,0,0,0,0
1774507352,0,0,0,0
1774507353,0,0,0,0
1774507355,0,0,0,0
1774507356,0,0,0,0
1774507357,0,0,0,0
1774507358,0,0,0,0
1774507359,0,0,0,0
1774507360,0,0,0,0
1774507361,0,0,0,0
1774507362,0,0,0,0
1774507363,0,0,0,0
1774507364,0,0,0,0
1774507365,0,0,0,0
1774507366,0,0,0,0
1774507367,0,0,0,0
1774507368,0,0,0,0
1774507369,0,0,0,0
1774507370,0,0,0,0
1774507371,0,0,0,0
1774507372,0,0,0,0
1774507373,0,0,0,0
1774507374,0,0,0,0
1774507375,0,0,0,0
1774507376,0,0,0,0
1774507377,0,0,0,0
1774507378,0,0,0,0
1774507379,0,0,0,0
1774507380,0,0,0,0
1774507381,0,0,0,0
1774507382,0,0,0,0
1774507383,0,0,0,0
1774507384,0,0,0,0
1774507385,0,0,0,0
1774507386,0,0,0,0
1774507387,0,0,0,0
1774507388,0,0,0,0
1774507389,0,0,0,0
1774507390,0,0,0,0
1774507391,0,0,0,0
1774507392,0,0,0,0
1774507394,0,0,0,0
1774507395,0,0,0,0
1774507396,0,0,0,0
1774507397,0,0,0,0
1774507398,0,0,0,0
1774507399,0,0,0,0
1774507400,0,0,0,0
1774507401,0,0,0,0
1774507402,0,0,0,0
1774507403,0,0,0,0
1774507404,0,0,0,0
1774507405,0,0,0,0
1774507406,0,0,0,0
1774507407,0,0,0,0
1774507408,0,0,0,0
1774507409,0,0,0,0
1774507410,0,0,0,0
1774507411,0,0,0,0
1774507412,0,0,0,0
1774507413,0,0,0,0
1774507414,0,0,0,0
1774507415,0,0,0,0
1774507416,0,0,0,0
1774507417,0,0,0,0
1774507418,0,0,0,0
1774507419,0,0,0,0
1774507420,0,0,0,0
1774507421,0,0,0,0
1774507422,0,0,0,0
1774507423,0,0,0,0
1774507424,0,0,0,0
1774507425,0,0,0,0
1774507426,0,0,0,0
1774507427,0,0,0,0
1774507428,0,0,0,0
1774507429,0,0,0,0
1774507430,0,0,0,0
1774507431,0,0,0,0
1774507433,0,0,0,0
1774507434,0,0,0,0
1774507435,0,0,0,0
1774507436,0,0,0,0
1774507437,0,0,0,0
1774507438,0,0,0,0
1774507439,0,0,0,0
1774507440,0,0,0,0
1774507441,0,0,0,0
1774507442,0,0,0,0
1774507443,0,0,0,0
1774507444,0,0,0,0
1774507445,0,0,0,0
1774507446,0,0,0,0
1774507447,0,0,0,0
1774507448,0,0,0,0
1774507449,0,0,0,0
1774507450,0,0,0,0
1774507451,0,0,0,0
1774507452,0,0,0,0
1774507453,0,0,0,0
1774507454,0,0,0,0
1774507455,0,0,0,0
1774507456,0,0,0,0
1774507457,0,0,0,0
1774507458,0,0,0,0
1774507459,0,0,0,0
1774507460,0,0,0,0
1774507461,0,0,0,0
1774507462,0,0,0,0
1774507463,0,0,0,0
1774507464,0,0,0,0
1774507465,0,0,0,0
1774507466,0,0,0,0
1774507467,0,0,0,0
1774507468,0,0,0,0
1774507469,0,0,0,0
1774507470,0,0,0,0
1774507471,0,0,0,0
1774507473,0,0,0,0
1774507474,0,0,0,0
1774507475,0,0,0,0
1774507476,0,0,0,0
1774507477,0,0,0,0
1774507478,0,0,0,0
1774507479,0,0,0,0
1774507480,0,0,0,0
1774507481,0,0,0,0
1774507482,0,0,0,0
1774507483,0,0,0,0
1774507484,0,0,0,0
1774507485,0,0,0,0
1774507486,0,0,0,0
1774507487,0,0,0,0
1774507488,0,0,0,0
1774507489,0,0,0,0
1774507490,0,0,0,0
1774507491,0,0,0,0
1774507492,0,0,0,0
1774507493,0,0,0,0
1774507494,0,0,0,0
1774507495,0,0,0,0
1774507496,0,0,0,0
1774507497,0,0,0,0
1774507498,0,0,0,0
1774507499,0,0,0,0
1774507500,0,0,0,0
1774507501,0,0,0,0
1774507502,0,0,0,0
1774507503,0,0,0,0
1774507504,0,0,0,0
1774507505,0,0,0,0
1774507506,0,0,0,0
1774507507,0,0,0,0
1774507508,0,0,0,0
1774507509,0,0,0,0
1774507510,0,0,0,0
1774507511,0,0,0,0
1774507513,0,0,0,0
1774507514,0,0,0,0
1774507515,0,0,0,0
1774507516,0,0,0,0
1774507517,0,0,0,0
1774507518,0,0,0,0
1774507519,0,0,0,0
1774507520,0,0,0,0
1774507521,0,0,0,0
1774507522,0,0,0,0
1774507523,0,0,0,0
1774507524,0,0,0,0
1774507525,0,0,0,0
1774507526,0,0,0,0
1774507527,0,0,0,0
1774507528,0,0,0,0
1774507529,0,0,0,0
1774507530,0,0,0,0
1774507531,0,0,0,0
1774507532,0,0,0,0
1774507533,0,0,0,0
1774507534,0,0,0,0
1774507535,0,0,0,0
1774507536,0,0,0,0
1774507537,0,0,0,0
1774507538,0,0,0,0
1774507539,0,0,0,0
1774507540,0,0,0,0
1774507541,0,0,0,0
1774507542,0,0,0,0
1774507543,0,0,0,0
1774507544,0,0,0,0
1774507545,0,0,0,0
1774507546,0,0,0,0
1774507547,0,0,0,0
1774507548,0,0,0,0
1774507549,0,0,0,0
1774507550,0,0,0,0
1774507551,0,0,0,0
1774507552,0,0,0,0
1774507554,0,0,0,0
1774507555,0,0,0,0
1774507556,0,0,0,0
1774507557,0,0,0,0
1774507558,0,0,0,0
1774507559,0,0,0,0
1774507560,0,0,0,0
1774507561,0,0,0,0
1774507562,0,0,0,0
1774507563,0,0,0,0
1774507564,0,0,0,0
1774507565,0,0,0,0
1774507566,0,0,0,0
1774507567,0,0,0,0
1774507568,0,0,0,0
1774507569,0,0,0,0
1774507570,0,0,0,0
1774507571,0,0,0,0
1774507572,0,0,0,0
1774507573,0,0,0,0
1774507574,0,0,0,0
1774507575,0,0,0,0
1774507576,0,0,0,0
1774507577,0,0,0,0
1774507578,0,0,0,0
1774507579,0,0,0,0
1774507580,0,0,0,0
1774507581,0,0,0,0
1774507582,0,0,0,0
1774507583,0,0,0,0
1774507584,0,0,0,0
1774507585,0,0,0,0
1774507586,0,0,0,0
1774507587,0,0,0,0
1774507588,0,0,0,0
1774507589,0,0,0,0
1774507590,0,0,0,0
1774507591,0,0,0,0
1774507592,0,0,0,0
1774507594,0,0,0,0
1774507595,0,0,0,0
1774507596,0,0,0,0
1774507597,0,0,0,0
1774507598,0,0,0,0
1774507599,0,0,0,0
1774507600,0,0,0,0
1774507601,0,0,0,0
1774507602,0,0,0,0
1774507603,0,0,0,0
1774507604,0,0,0,0
1774507605,0,0,0,0
1774507606,0,0,0,0
1774507607,0,0,0,0
1774507608,0,0,0,0
1774507609,0,0,0,0
1774507610,0,0,0,0
1774507611,0,0,0,0
1774507612,0,0,0,0
1774507613,0,0,0,0
1774507614,0,0,0,0
1774507615,0,0,0,0
1774507616,0,0,0,0
1774507617,0,0,0,0
1774507618,0,0,0,0
1774507619,0,0,0,0
1774507620,0,0,0,0
1774507621,0,0,0,0
1774507622,0,0,0,0
1774507623,0,0,0,0
1774507624,0,0,0,0
1774507625,0,0,0,0
1774507626,0,0,0,0
1774507627,0,0,0,0
1774507628,0,0,0,0
1774507629,0,0,0,0
1774507630,0,0,0,0
1774507631,0,0,0,0
1774507632,0,0,0,0
1774507633,0,0,0,0
1774507634,0,0,0,0
1774507635,0,0,0,0
1774507637,0,0,0,0
1774507638,0,0,0,0
1774507639,0,0,0,0
1774507640,0,0,0,0
1774507641,0,0,0,0
1774507642,0,0,0,0
1774507643,0,0,0,0
1774507644,0,0,0,0
1774507645,0,0,0,0
1774507646,0,0,0,0
1774507647,0,0,0,0
1774507648,0,0,0,0
1774507649,0,0,0,0
1774507650,0,0,0,0
1774507651,0,0,0,0
1774507652,0,0,0,0
1774507653,0,0,0,0
1774507654,0,0,0,0
1774507655,0,0,0,0
1774507656,0,0,0,0
1774507657,0,0,0,0
1774507658,0,0,0,0
1774507659,0,0,0,0
1774507660,0,0,0,0
1774507661,0,0,0,0
1774507662,0,0,0,0
1774507663,0,0,0,0
1774507664,0,0,0,0
1774507665,0,0,0,0
1774507666,0,0,0,0
1774507667,0,0,0,0
1774507668,0,0,0,0
1774507669,0,0,0,0
1774507670,0,0,0,0
1774507671,0,0,0,0
1774507672,0,0,0,0
1774507673,0,0,0,0
1774507674,0,0,0,0
1774507675,0,0,0,0
1774507676,0,0,0,0
1774507678,0,0,0,0
1774507679,0,0,0,0
1774507680,0,0,0,0
1774507681,0,0,0,0
1774507682,0,0,0,0
1774507683,0,0,0,0
1774507684,0,0,0,0
1774507685,0,0,0,0
1774507686,0,0,0,0
1774507687,0,0,0,0
1774507688,0,0,0,0
1774507689,0,0,0,0
1774507690,0,0,0,0
1774507691,0,0,0,0
1774507692,0,0,0,0
1774507693,0,0,0,0
1774507694,0,0,0,0
1774507695,0,0,0,0
1774507696,0,0,0,0
1774507697,0,0,0,0
1774507698,0,0,0,0
1774507699,0,0,0,0
1774507700,0,0,0,0
1774507701,0,0,0,0
1774507702,0,0,0,0
1774507703,0,0,0,0
1774507704,0,0,0,0
1774507705,0,0,0,0
1774507706,0,0,0,0
1774507707,0,0,0,0
1774507708,0,0,0,0
1774507709,0,0,0,0
1774507710,0,0,0,0
1774507711,0,0,0,0
1774507712,0,0,0,0
1774507713,0,0,0,0
1774507714,0,0,0,0
1774507715,0,0,0,0
1774507716,0,0,0,0
1774507717,0,0,0,0
1774507718,0,0,0,0
1774507720,0,0,0,0
1774507721,0,0,0,0
1774507722,0,0,0,0
1774507723,0,0,0,0
1774507724,0,0,0,0
1774507725,0,0,0,0
1774507726,0,0,0,0
1774507727,0,0,0,0
1774507728,0,0,0,0
1774507729,0,0,0,0
1774507730,0,0,0,0
1774507731,0,0,0,0
1774507732,0,0,0,0
1774507733,0,0,0,0
1774507734,0,0,0,0
1774507735,0,0,0,0
1774507736,0,0,0,0
1774507737,0,0,0,0
1774507738,0,0,0,0
1774507739,0,0,0,0
1774507740,0,0,0,0
1774507741,0,0,0,0
1774507742,0,0,0,0
1774507743,0,0,0,0
1774507744,0,0,0,0
1774507745,0,0,0,0
1774507746,0,0,0,0
1774507747,0,0,0,0
1774507748,0,0,0,0
1774507749,0,0,0,0
1774507750,0,0,0,0
1774507751,0,0,0,0
1774507752,0,0,0,0
1774507753,0,0,0,0
1774507754,0,0,0,0
1774507755,0,0,0,0
1774507756,0,0,0,0
1774507757,0,0,0,0
1774507758,0,0,0,0
1774507759,0,0,0,0
1774507761,0,0,0,0
1774507762,0,0,0,0
1774507763,0,0,0,0
1774507764,0,0,0,0
1774507765,0,0,0,0
1774507766,0,0,0,0
1774507767,0,0,0,0
1774507768,0,0,0,0
1774507769,0,0,0,0
1774507770,0,0,0,0
1774507771,0,0,0,0
1774507772,0,0,0,0
1774507773,0,0,0,0
1774507774,0,0,0,0
1774507775,0,0,0,0
1774507776,0,0,0,0
1774507777,0,0,0,0
1774507778,0,0,0,0
1774507779,0,0,0,0
1774507780,0,0,0,0
1774507781,0,0,0,0
1774507782,0,0,0,0
1774507783,0,0,0,0
1774507784,0,0,0,0
1774507785,0,0,0,0
1774507786,0,0,0,0
1774507787,0,0,0,0
1774507788,0,0,0,0
1774507789,0,0,0,0
1774507790,0,0,0,0
1774507791,0,0,0,0
1774507792,0,0,0,0
1774507793,0,0,0,0
1774507794,0,0,0,0
1774507795,0,0,0,0
1774507796,0,0,0,0
1774507797,0,0,0,0
1774507798,0,0,0,0
1774507800,0,0,0,0
1774507801,0,0,0,0
1774507802,0,0,0,0
1774507803,0,0,0,0
1774507804,0,0,0,0
1774507805,0,0,0,0
1774507806,0,0,0,0
1774507807,0,0,0,0
1774507808,0,0,0,0
1774507809,0,0,0,0
1774507810,0,0,0,0
1774507811,0,0,0,0
1774507812,0,0,0,0
1774507813,0,0,0,0
1774507814,0,0,0,0
1774507815,0,0,0,0
1774507816,0,0,0,0
1774507817,0,0,0,0
1774507818,0,0,0,0
1774507819,0,0,0,0
1774507820,0,0,0,0
1774507821,0,0,0,0
1774507822,0,0,0,0
1774507823,0,0,0,0
1774507824,0,0,0,0
1774507825,0,0,0,0
1774507826,0,0,0,0
1774507827,0,0,0,0
1774507828,0,0,0,0
1774507829,0,0,0,0
1774507830,0,0,0,0
1774507831,0,0,0,0
1774507832,0,0,0,0
1774507833,0,0,0,0
1774507834,0,0,0,0
1774507835,0,0,0,0
1774507836,0,0,0,0
1774507838,0,0,0,0
1774507839,0,0,0,0
1774507840,0,0,0,0
1774507841,0,0,0,0
1774507842,0,0,0,0
1774507843,0,0,0,0
1774507844,0,0,0,0
1774507845,0,0,0,0
1774507846,0,0,0,0
1774507847,0,0,0,0
1774507848,0,0,0,0
1774507849,0,0,0,0
1774507850,0,0,0,0
1774507851,0,0,0,0
1774507852,0,0,0,0
1774507853,0,0,0,0
1774507854,0,0,0,0
1774507855,0,0,0,0
1774507856,0,0,0,0
1774507857,0,0,0,0
1774507858,0,0,0,0
1774507859,0,0,0,0
1774507860,0,0,0,0
1774507861,0,0,0,0
1774507862,0,0,0,0
1774507863,0,0,0,0
1774507864,0,0,0,0
1774507865,0,0,0,0
1774507866,0,0,0,0
1774507867,0,0,0,0
1774507868,0,0,0,0
1774507869,0,0,0,0
1774507870,0,0,0,0
1774507871,0,0,0,0
1774507872,0,0,0,0
1774507873,0,0,0,0
1774507874,0,0,0,0
1774507875,0,0,0,0
1774507877,0,0,0,0
1774507878,0,0,0,0
1774507879,0,0,0,0
1774507880,0,0,0,0
1774507881,0,0,0,0
1774507882,0,0,0,0
1774507883,0,0,0,0
1774507884,0,0,0,0
1774507885,0,0,0,0
1774507886,0,0,0,0
1774507887,0,0,0,0
1774507888,0,0,0,0
1774507889,0,0,0,0
1774507890,0,0,0,0
1774507891,0,0,0,0
1774507892,0,0,0,0
1774507893,0,0,0,0
1774507894,0,0,0,0
1774507895,0,0,0,0
1774507896,0,0,0,0
1774507897,0,0,0,0
1774507898,0,0,0,0
1774507899,0,0,0,0
1774507900,0,0,0,0
1774507901,0,0,0,0
1774507902,0,0,0,0
1774507903,0,0,0,0
1774507904,0,0,0,0
1774507905,0,0,0,0
1774507906,0,0,0,0
1774507907,0,0,0,0
1774507908,0,0,0,0
1774507909,0,0,0,0
1774507910,0,0,0,0
1774507911,0,0,0,0
1774507912,0,0,0,0
1774507913,0,0,0,0
1774507914,0,0,0,0
1774507916,0,0,0,0
1774507917,0,0,0,0
1774507918,0,0,0,0
1774507919,0,0,0,0
1774507920,0,0,0,0
1774507921,0,0,0,0
1774507922,0,0,0,0
1774507923,0,0,0,0
1774507924,0,0,0,0
1774507925,0,0,0,0
1774507926,0,0,0,0
1774507927,0,0,0,0
1774507928,0,0,0,0
1774507929,0,0,0,0
1774507930,0,0,0,0
1774507931,0,0,0,0
1774507932,0,0,0,0
1774507933,0,0,0,0
1774507934,0,0,0,0
1774507935,0,0,0,0
1774507936,0,0,0,0
1774507937,0,0,0,0
1774507938,0,0,0,0
1774507939,0,0,0,0
1774507940,0,0,0,0
1774507941,0,0,0,0
1774507942,0,0,0,0
1774507943,0,0,0,0
1774507944,0,0,0,0
1774507945,0,0,0,0
1774507946,0,0,0,0
1774507947,0,0,0,0
1774507948,0,0,0,0
1774507949,0,0,0,0
1774507950,0,0,0,0
1774507951,0,0,0,0
1774507952,0,0,0,0
1774507954,0,0,0,0
1774507955,0,0,0,0
1774507956,0,0,0,0
1774507957,0,0,0,0
1774507958,0,0,0,0
1774507959,0,0,0,0
1774507960,0,0,0,0
1774507961,0,0,0,0
1774507962,0,0,0,0
1774507963,0,0,0,0
1774507964,0,0,0,0
1774507965,0,0,0,0
1774507966,0,0,0,0
1774507967,0,0,0,0
1774507968,0,0,0,0
1774507969,0,0,0,0
1774507970,0,0,0,0
1774507971,0,0,0,0
1774507972,0,0,0,0
1774507973,0,0,0,0
1774507974,0,0,0,0
1774507975,0,0,0,0
1774507976,0,0,0,0
1774507977,0,0,0,0
1774507978,0,0,0,0
1774507979,0,0,0,0
1774507980,0,0,0,0
1774507981,0,0,0,0
1774507982,0,0,0,0
1774507983,0,0,0,0
1774507984,0,0,0,0
1774507985,0,0,0,0
1774507986,0,0,0,0
1774507987,0,0,0,0
1774507988,0,0,0,0
1774507989,0,0,0,0
1774507990,0,0,0,0
1774507992,0,0,0,0
1774507993,0,0,0,0
1774507994,0,0,0,0
1774507995,0,0,0,0
1774507996,0,0,0,0
1774507997,0,0,0,0
1774507998,0,0,0,0
1774507999,0,0,0,0
1774508000,0,0,0,0
1774508001,0,0,0,0
1774508002,0,0,0,0
1774508003,0,0,0,0
1774508004,0,0,0,0
1774508005,0,0,0,0
1774508006,0,0,0,0
1774508007,0,0,0,0
1774508008,0,0,0,0
1774508009,0,0,0,0
1774508010,0,0,0,0
1774508011,0,0,0,0
1774508012,0,0,0,0
1774508013,0,0,0,0
1774508014,0,0,0,0
1774508015,0,0,0,0
1774508016,0,0,0,0
1774508017,0,0,0,0
1774508018,0,0,0,0
1774508019,0,0,0,0
1774508020,0,0,0,0
1774508021,0,0,0,0
1774508022,0,0,0,0
1774508023,0,0,0,0
1774508024,0,0,0,0
1774508025,0,0,0,0
1774508026,0,0,0,0
1774508027,0,0,0,0
1774508029,0,0,0,0
1774508030,0,0,0,0
1774508031,0,0,0,0
1774508032,0,0,0,0
1774508033,0,0,0,0
1774508034,0,0,0,0
1774508035,0,0,0,0
1774508036,0,0,0,0
1774508037,0,0,0,0
1774508038,0,0,0,0
1774508039,0,0,0,0
1774508040,0,0,0,0
1774508041,0,0,0,0
1774508042,0,0,0,0
1774508043,0,0,0,0
1774508044,0,0,0,0
1774508045,0,0,0,0
1774508046,0,0,0,0
1774508047,0,0,0,0
1774508048,0,0,0,0
1774508049,0,0,0,0
1774508050,0,0,0,0
1774508051,0,0,0,0
1774508052,0,0,0,0
1774508053,0,0,0,0
1774508054,0,0,0,0
1774508055,0,0,0,0
1774508056,0,0,0,0
1774508057,0,0,0,0
1774508058,0,0,0,0
1774508059,0,0,0,0
1774508060,0,0,0,0
1774508061,0,0,0,0
1774508062,0,0,0,0
1774508063,0,0,0,0
1774508064,0,0,0,0
1774508065,0,0,0,0
1774508066,0,0,0,0
1774508067,0,0,0,0
1774508069,0,0,0,0
1774508070,0,0,0,0
1774508071,0,0,0,0
1774508072,0,0,0,0
1774508073,0,0,0,0
1774508074,0,0,0,0
1774508075,0,0,0,0
1774508076,0,0,0,0
1774508077,0,0,0,0
1774508078,0,0,0,0
1774508079,0,0,0,0
1774508080,0,0,0,0
1774508081,0,0,0,0
1774508082,0,0,0,0
1774508083,0,0,0,0
1774508084,0,0,0,0
1774508085,0,0,0,0
1774508086,0,0,0,0
1774508087,0,0,0,0
1774508088,0,0,0,0
1774508089,0,0,0,0
1774508090,0,0,0,0
1774508091,0,0,0,0
1774508092,0,0,0,0
1774508093,0,0,0,0
1774508094,0,0,0,0
1774508095,0,0,0,0
1774508096,0,0,0,0
1774508097,0,0,0,0
1774508098,0,0,0,0
1774508099,0,0,0,0
1774508100,0,0,0,0
1774508101,0,0,0,0
1774508102,0,0,0,0
1774508103,0,0,0,0
1774508104,0,0,0,0
1774508105,0,0,0,0
1774508106,0,0,0,0
1774508107,0,0,0,0
1774508108,0,0,0,0
1774508109,0,0,0,0
1774508110,0,0,0,0
1774508112,0,0,0,0
1774508113,0,0,0,0
1774508114,0,0,0,0
1774508115,0,0,0,0
1774508116,0,0,0,0
1774508117,0,0,0,0
1774508118,0,0,0,0
1774508119,0,0,0,0
1774508120,0,0,0,0
1774508121,0,0,0,0
1774508122,0,0,0,0
1774508123,0,0,0,0
1774508124,0,0,0,0
1774508125,0,0,0,0
1774508126,0,0,0,0
1774508127,0,0,0,0
1774508128,0,0,0,0
1774508129,0,0,0,0
1774508130,0,0,0,0
1774508131,0,0,0,0
1774508132,0,0,0,0
1774508133,0,0,0,0
1774508134,0,0,0,0
1774508135,0,0,0,0
1774508136,0,0,0,0
1774508137,0,0,0,0
1774508138,0,0,0,0
1774508139,0,0,0,0
1774508140,0,0,0,0
1774508141,0,0,0,0
1774508142,0,0,0,0
1774508143,0,0,0,0
1774508144,0,0,0,0
1774508145,0,0,0,0
1774508146,0,0,0,0
1774508147,0,0,0,0
1774508148,0,0,0,0
1774508149,0,0,0,0
1774508151,0,0,0,0
1774508152,0,0,0,0
1774508153,0,0,0,0
1774508154,0,0,0,0
1774508155,0,0,0,0
1774508156,0,0,0,0
1774508157,0,0,0,0
1774508158,0,0,0,0
1774508159,0,0,0,0
1774508160,0,0,0,0
1774508161,0,0,0,0
1774508162,0,0,0,0
1774508163,0,0,0,0
1774508164,0,0,0,0
1774508165,0,0,0,0
1774508166,0,0,0,0
1774508167,0,0,0,0
1774508168,0,0,0,0
1774508169,0,0,0,0
1774508170,0,0,0,0
1774508171,0,0,0,0
1774508172,0,0,0,0
1774508173,0,0,0,0
1774508174,0,0,0,0
1774508175,0,0,0,0
1774508176,0,0,0,0
1774508177,0,0,0,0
1774508178,0,0,0,0
1774508179,0,0,0,0
1774508180,0,0,0,0
1774508181,0,0,0,0
1774508182,0,0,0,0
1774508183,0,0,0,0
1774508184,0,0,0,0
1774508185,0,0,0,0
1774508186,0,0,0,0
1774508187,0,0,0,0
1774508188,0,0,0,0
1774508189,0,0,0,0
1774508191,0,0,0,0
1774508192,0,0,0,0
1774508193,0,0,0,0
1774508194,0,0,0,0
1774508195,0,0,0,0
1774508196,0,0,0,0
1774508197,0,0,0,0
1774508198,0,0,0,0
1774508199,0,0,0,0
1774508200,0,0,0,0
1774508201,0,0,0,0
1774508202,0,0,0,0
1774508203,0,0,0,0
1774508204,0,0,0,0
1774508205,0,0,0,0
1774508206,0,0,0,0
1774508207,0,0,0,0
1774508208,0,0,0,0
1774508209,0,0,0,0
1774508210,0,0,0,0
1774508211,0,0,0,0
1774508212,0,0,0,0
1774508213,0,0,0,0
1774508214,0,0,0,0
1774508215,0,0,0,0
1774508216,0,0,0,0
1774508217,0,0,0,0
1774508218,0,0,0,0
1774508219,0,0,0,0
1774508220,0,0,0,0
1774508221,0,0,0,0
1774508222,0,0,0,0
1774508223,0,0,0,0
1774508224,0,0,0,0
1774508225,0,0,0,0
1774508226,0,0,0,0
1774508227,0,0,0,0
1774508229,0,0,0,0
1774508230,0,0,0,0
1774508231,0,0,0,0
1774508232,0,0,0,0
1774508233,0,0,0,0
1774508234,0,0,0,0
1774508235,0,0,0,0
1774508236,0,0,0,0
1774508237,0,0,0,0
1774508238,0,0,0,0
1774508239,0,0,0,0
1774508240,0,0,0,0
1774508241,0,0,0,0
1774508242,0,0,0,0
1774508243,0,0,0,0
1774508244,0,0,0,0
1774508245,0,0,0,0
1774508246,0,0,0,0
1774508247,0,0,0,0
1774508248,0,0,0,0
1774508249,0,0,0,0
1774508250,0,0,0,0
1774508251,0,0,0,0
1774508252,0,0,0,0
1774508253,0,0,0,0
1774508254,0,0,0,0
1774508255,0,0,0,0
1774508256,0,0,0,0
1774508257,0,0,0,0
1774508258,0,0,0,0
1774508259,0,0,0,0
1774508260,0,0,0,0
1774508261,0,0,0,0
1774508262,0,0,0,0
1774508263,0,0,0,0
1774508264,0,0,0,0
1774508265,0,0,0,0
1774508266,0,0,0,0
1774508267,0,0,0,0
1774508268,0,0,0,0
1774508269,0,0,0,0
1774508270,0,0,0,0
1774508271,0,0,0,0
1774508273,0,0,0,0
1774508274,0,0,0,0
1774508275,0,0,0,0
1774508276,0,0,0,0
1774508277,0,0,0,0
1774508278,0,0,0,0
1774508279,0,0,0,0
1774508280,0,0,0,0
1774508281,0,0,0,0
1774508282,0,0,0,0
1774508283,0,0,0,0
1774508284,0,0,0,0
1774508285,0,0,0,0
1774508286,0,0,0,0
1774508287,0,0,0,0
1774508288,0,0,0,0
1774508289,0,0,0,0
1774508290,0,0,0,0
1774508291,0,0,0,0
1774508292,0,0,0,0
1774508293,0,0,0,0
1774508294,0,0,0,0
1774508295,0,0,0,0
1774508296,0,0,0,0
1774508297,0,0,0,0
1774508298,0,0,0,0
1774508299,0,0,0,0
1774508300,0,0,0,0
1774508301,0,0,0,0
1774508302,0,0,0,0
1774508303,0,0,0,0
1774508304,0,0,0,0
1774508305,0,0,0,0
1774508306,0,0,0,0
1774508307,0,0,0,0
1774508308,0,0,0,0
1774508309,0,0,0,0
1774508310,0,0,0,0
1774508311,0,0,0,0
1774508312,0,0,0,0
1774508313,0,0,0,0
1774508314,0,0,0,0
1774508316,0,0,0,0
1774508317,0,0,0,0
1774508318,0,0,0,0
1774508319,0,0,0,0
1774508320,0,0,0,0
1774508321,0,0,0,0
1774508322,0,0,0,0
1774508323,0,0,0,0
1774508324,0,0,0,0
1774508325,0,0,0,0
1774508326,0,0,0,0
1774508327,0,0,0,0
1774508328,0,0,0,0
1774508329,0,0,0,0
1774508330,0,0,0,0
1774508331,0,0,0,0
1774508332,0,0,0,0
1774508333,0,0,0,0
1774508334,0,0,0,0
1774508335,0,0,0,0
1774508336,0,0,0,0
1774508337,0,0,0,0
1774508338,0,0,0,0
1774508339,0,0,0,0
1774508340,0,0,0,0
1774508341,0,0,0,0
1774508342,0,0,0,0
1774508343,0,0,0,0
1774508344,0,0,0,0
1774508345,0,0,0,0
1774508346,0,0,0,0
1774508347,0,0,0,0
1774508348,0,0,0,0
1774508349,0,0,0,0
1774508350,0,0,0,0
1774508351,0,0,0,0
1774508352,0,0,0,0
1774508353,0,0,0,0
1774508354,0,0,0,0
1774508355,0,0,0,0
1774508356,0,0,0,0
1774508357,0,0,0,0
1774508358,0,0,0,0
1774508359,0,0,0,0
1774508361,0,0,0,0
1774508362,0,0,0,0
1774508363,0,0,0,0
1774508364,0,0,0,0
1774508365,0,0,0,0
1774508366,0,0,0,0
1774508367,0,0,0,0
1774508368,0,0,0,0
1774508369,0,0,0,0
1774508370,0,0,0,0
1774508371,0,0,0,0
1774508372,0,0,0,0
1774508373,0,0,0,0
1774508374,0,0,0,0
1774508375,0,0,0,0
1774508376,0,0,0,0
1774508377,0,0,0,0
1774508378,0,0,0,0
1774508379,0,0,0,0
1774508380,0,0,0,0
1774508381,0,0,0,0
1774508382,0,0,0,0
1774508383,0,0,0,0
1774508384,0,0,0,0
1774508385,0,0,0,0
1774508386,0,0,0,0
1774508387,0,0,0,0
1774508388,0,0,0,0
1774508389,0,0,0,0
1774508390,0,0,0,0
1774508391,0,0,0,0
1774508392,0,0,0,0
1774508393,0,0,0,0
1774508394,0,0,0,0
1774508395,0,0,0,0
1774508396,0,0,0,0
1774508397,0,0,0,0
1774508398,0,0,0,0
1774508399,0,0,0,0
1774508400,0,0,0,0
1774508401,0,0,0,0
1774508402,0,0,0,0
1774508403,0,0,0,0
1774508404,0,0,0,0
1774508406,0,0,0,0
1774508407,0,0,0,0
1774508408,0,0,0,0
1774508409,0,0,0,0
1774508410,0,0,0,0
1774508411,0,0,0,0
1774508412,0,0,0,0
1774508413,0,0,0,0
1774508414,0,0,0,0
1774508415,0,0,0,0
1774508416,0,0,0,0
1774508417,0,0,0,0
1774508418,0,0,0,0
1774508419,0,0,0,0
1774508420,0,0,0,0
1774508421,0,0,0,0
1774508422,0,0,0,0
1774508423,0,0,0,0
1774508424,0,0,0,0
1774508425,0,0,0,0
1774508426,0,0,0,0
1774508427,0,0,0,0
1774508428,0,0,0,0
1774508429,0,0,0,0
1774508430,0,0,0,0
1774508431,0,0,0,0
1774508432,0,0,0,0
1774508433,0,0,0,0
1774508434,0,0,0,0
1774508435,0,0,0,0
1774508436,0,0,0,0
1774508437,0,0,0,0
1774508438,0,0,0,0
1774508439,0,0,0,0
1774508440,0,0,0,0
1774508441,0,0,0,0
1774508442,0,0,0,0
1774508443,0,0,0,0
1774508444,0,0,0,0
1774508445,0,0,0,0
1774508446,0,0,0,0
1774508448,0,0,0,0
1774508449,0,0,0,0
1774508450,0,0,0,0
1774508451,0,0,0,0
1774508452,0,0,0,0
1774508453,0,0,0,0
1774508454,0,0,0,0
1774508455,0,0,0,0
1774508456,0,0,0,0
1774508457,0,0,0,0
1774508458,0,0,0,0
1774508459,0,0,0,0
1774508460,0,0,0,0
1774508461,0,0,0,0
1774508462,0,0,0,0
1774508463,0,0,0,0
1774508464,0,0,0,0
1774508465,0,0,0,0
1774508466,0,0,0,0
1774508467,0,0,0,0
1774508468,0,0,0,0
1774508469,0,0,0,0
1774508470,0,0,0,0
1774508471,0,0,0,0
1774508472,0,0,0,0
1774508473,0,0,0,0
1774508474,0,0,0,0
1774508475,0,0,0,0
1774508476,0,0,0,0
1774508477,0,0,0,0
1774508478,0,0,0,0
1774508479,0,0,0,0
1774508480,0,0,0,0
1774508481,0,0,0,0
1774508482,0,0,0,0
1774508483,0,0,0,0
1774508484,0,0,0,0
1774508485,0,0,0,0
1774508486,0,0,0,0
1774508487,0,0,0,0
1774508488,0,0,0,0
1774508489,0,0,0,0
1774508490,0,0,0,0
1774508491,0,0,0,0
1774508493,0,0,0,0
1774508494,0,0,0,0
1774508495,0,0,0,0
1774508496,0,0,0,0
1774508497,0,0,0,0
1774508498,0,0,0,0
1774508499,0,0,0,0
1774508500,0,0,0,0
1774508501,0,0,0,0
1774508502,0,0,0,0
1774508503,0,0,0,0
1774508504,0,0,0,0
1774508505,0,0,0,0
1774508506,0,0,0,0
1774508507,0,0,0,0
1774508508,0,0,0,0
1774508509,0,0,0,0
1774508510,0,0,0,0
1774508511,0,0,0,0
1774508512,0,0,0,0
1774508513,0,0,0,0
1774508514,0,0,0,0
1774508515,0,0,0,0
1774508516,0,0,0,0
1774508517,0,0,0,0
1774508518,0,0,0,0
1774508519,0,0,0,0
1774508520,0,0,0,0
1774508521,0,0,0,0
1774508522,0,0,0,0
1774508523,0,0,0,0
1774508524,0,0,0,0
1774508525,0,0,0,0
1774508526,0,0,0,0
1774508527,0,0,0,0
1774508528,0,0,0,0
1774508529,0,0,0,0
1774508530,0,0,0,0
1774508531,0,0,0,0
1774508532,0,0,0,0
1774508533,0,0,0,0
1774508534,0,0,0,0
1774508536,0,0,0,0
1774508537,0,0,0,0
1774508538,0,0,0,0
1774508539,0,0,0,0
1774508540,0,0,0,0
1774508541,0,0,0,0
1774508542,0,0,0,0
1774508543,0,0,0,0
1774508544,0,0,0,0
1774508545,0,0,0,0
1774508546,0,0,0,0
1774508547,0,0,0,0
1774508548,0,0,0,0
1774508549,0,0,0,0
1774508550,0,0,0,0
1774508551,0,0,0,0
1774508552,0,0,0,0
1774508553,0,0,0,0
1774508554,0,0,0,0
1774508555,0,0,0,0
1774508556,0,0,0,0
1774508557,0,0,0,0
1774508558,0,0,0,0
1774508559,0,0,0,0
1774508560,0,0,0,0
1774508561,0,0,0,0
1774508562,0,0,0,0
1774508563,0,0,0,0
1774508564,0,0,0,0
1774508565,0,0,0,0
1774508566,0,0,0,0
1774508567,0,0,0,0
1774508568,0,0,0,0
1774508569,0,0,0,0
1774508570,0,0,0,0
1774508571,0,0,0,0
1774508572,0,0,0,0
1774508573,0,0,0,0
1774508574,0,0,0,0
1774508575,0,0,0,0
1774508576,0,0,0,0
1774508577,0,0,0,0
1774508578,0,0,0,0
1774508579,0,0,0,0
1774508580,0,0,0,0
1774508582,0,0,0,0
1774508583,0,0,0,0
1774508584,0,0,0,0
1774508585,0,0,0,0
1774508586,0,0,0,0
1774508587,0,0,0,0
1774508588,0,0,0,0
1774508589,0,0,0,0
1774508590,0,0,0,0
1774508591,0,0,0,0
1774508592,0,0,0,0
1774508593,0,0,0,0
1774508594,0,0,0,0
1774508595,0,0,0,0
1774508596,0,0,0,0
1774508597,0,0,0,0
1774508598,0,0,0,0
1774508599,0,0,0,0
1774508600,0,0,0,0
1774508601,0,0,0,0
1774508602,0,0,0,0
1774508603,0,0,0,0
1774508604,0,0,0,0
1774508605,0,0,0,0
1774508606,0,0,0,0
1774508607,0,0,0,0
1774508608,0,0,0,0
1774508609,0,0,0,0
1774508610,0,0,0,0
1774508611,0,0,0,0
1774508612,0,0,0,0
1774508613,0,0,0,0
1774508614,0,0,0,0
1774508615,0,0,0,0
1774508616,0,0,0,0
1774508617,0,0,0,0
1774508618,0,0,0,0
1774508619,0,0,0,0
1774508620,0,0,0,0
1774508621,0,0,0,0
1774508622,0,0,0,0
1774508623,0,0,0,0
1774508624,0,0,0,0
1774508626,0,0,0,0
1774508627,0,0,0,0
1774508628,0,0,0,0
1774508629,0,0,0,0
1774508630,0,0,0,0
1774508631,0,0,0,0
1774508632,0,0,0,0
1774508633,0,0,0,0
1774508634,0,0,0,0
1774508635,0,0,0,0
1774508636,0,0,0,0
1774508637,0,0,0,0
1774508638,0,0,0,0
1774508639,0,0,0,0
1774508640,0,0,0,0
1774508641,0,0,0,0
1774508642,0,0,0,0
1774508643,0,0,0,0
1774508644,0,0,0,0
1774508645,0,0,0,0
1774508646,0,0,0,0
1774508647,0,0,0,0
1774508648,0,0,0,0
1774508649,0,0,0,0
1774508650,0,0,0,0
1774508651,0,0,0,0
1774508652,0,0,0,0
1774508653,0,0,0,0
1774508654,0,0,0,0
1774508655,0,0,0,0
1774508656,0,0,0,0
1774508657,0,0,0,0
1774508658,0,0,0,0
1774508659,0,0,0,0
1774508660,0,0,0,0
1774508661,0,0,0,0
1774508662,0,0,0,0
1774508663,0,0,0,0
1774508664,0,0,0,0
1774508665,0,0,0,0
1774508667,0,0,0,0
1774508668,0,0,0,0
1774508669,0,0,0,0
1774508670,0,0,0,0
1774508671,0,0,0,0
1774508672,0,0,0,0
1774508673,0,0,0,0
1774508674,0,0,0,0
1774508675,0,0,0,0
1774508676,0,0,0,0
1774508677,0,0,0,0
1774508678,0,0,0,0
1774508679,0,0,0,0
1774508680,0,0,0,0
1774508681,0,0,0,0
1774508682,0,0,0,0
1774508683,0,0,0,0
1774508684,0,0,0,0
1774508685,0,0,0,0
1774508686,0,0,0,0
1774508687,0,0,0,0
1774508688,0,0,0,0
1774508689,0,0,0,0
1774508690,0,0,0,0
1774508691,0,0,0,0
1774508692,0,0,0,0
1774508693,0,0,0,0
1774508694,0,0,0,0
1774508695,0,0,0,0
1774508696,0,0,0,0
1774508697,0,0,0,0
1774508698,0,0,0,0
1774508699,0,0,0,0
1774508700,0,0,0,0
1774508701,0,0,0,0
1774508702,0,0,0,0
1774508703,0,0,0,0
1774508704,0,0,0,0
1774508705,0,0,0,0
1774508706,0,0,0,0
1774508707,0,0,0,0
1774508708,0,0,0,0
1774508709,0,0,0,0
1774508711,0,0,0,0
1774508712,0,0,0,0
1774508713,0,0,0,0
1774508714,0,0,0,0
1774508715,0,0,0,0
1774508716,0,0,0,0
1774508717,0,0,0,0
1774508718,0,0,0,0
1774508719,0,0,0,0
1774508720,0,0,0,0
1774508721,0,0,0,0
1774508722,0,0,0,0
1774508723,0,0,0,0
1774508724,0,0,0,0
1774508725,0,0,0,0
1774508726,0,0,0,0
1774508727,0,0,0,0
1774508728,0,0,0,0
1774508729,0,0,0,0
1774508730,0,0,0,0
1774508731,0,0,0,0
1774508732,0,0,0,0
1774508733,0,0,0,0
1774508734,0,0,0,0
1774508735,0,0,0,0
1774508736,0,0,0,0
1774508737,0,0,0,0
1774508738,0,0,0,0
1774508739,0,0,0,0
1774508740,0,0,0,0
1774508741,0,0,0,0
1774508742,0,0,0,0
1774508743,0,0,0,0
1774508744,0,0,0,0
1774508745,0,0,0,0
1774508746,0,0,0,0
1774508747,0,0,0,0
1774508748,0,0,0,0
1774508749,0,0,0,0
1774508750,0,0,0,0
1774508752,0,0,0,0
1774508753,0,0,0,0
1774508754,0,0,0,0
1774508755,0,0,0,0
1774508756,0,0,0,0
1774508757,0,0,0,0
1774508758,0,0,0,0
1774508759,0,0,0,0
1774508760,0,0,0,0
1774508761,0,0,0,0
1774508762,0,0,0,0
1774508763,0,0,0,0
1774508764,0,0,0,0
1774508765,0,0,0,0
1774508766,0,0,0,0
1774508767,0,0,0,0
1774508768,0,0,0,0
1774508769,0,0,0,0
1774508770,0,0,0,0
1774508771,0,0,0,0
1774508772,0,0,0,0
1774508773,0,0,0,0
1774508774,0,0,0,0
1774508775,0,0,0,0
1774508776,0,0,0,0
1774508777,0,0,0,0
1774508778,0,0,0,0
1774508779,0,0,0,0
1774508780,0,0,0,0
1774508781,0,0,0,0
1774508782,0,0,0,0
1774508783,0,0,0,0
1774508784,0,0,0,0
1774508785,0,0,0,0
1774508786,0,0,0,0
1774508787,0,0,0,0
1774508788,0,0,0,0
1774508789,0,0,0,0
1774508790,0,0,0,0
1774508791,0,0,0,0
1774508793,0,0,0,0
1774508794,0,0,0,0
1774508795,0,0,0,0
1774508796,0,0,0,0
1774508797,0,0,0,0
1774508798,0,0,0,0
1774508799,0,0,0,0
1774508800,0,0,0,0
1774508801,0,0,0,0
1774508802,0,0,0,0
1774508803,0,0,0,0
1774508804,0,0,0,0
1774508805,0,0,0,0
1774508806,0,0,0,0
1774508807,0,0,0,0
1774508808,0,0,0,0
1774508809,0,0,0,0
1774508810,0,0,0,0
1774508811,0,0,0,0
1774508812,0,0,0,0
1774508813,0,0,0,0
1774508814,0,0,0,0
1774508815,0,0,0,0
1774508816,0,0,0,0
1774508817,0,0,0,0
1774508818,0,0,0,0
1774508819,0,0,0,0
1774508820,0,0,0,0
1774508821,0,0,0,0
1774508822,0,0,0,0
1774508823,0,0,0,0
1774508824,0,0,0,0
1774508825,0,0,0,0
1774508826,0,0,0,0
1774508827,0,0,0,0
1774508828,0,0,0,0
1774508829,0,0,0,0
1774508830,0,0,0,0
1774508831,0,0,0,0
1774508832,0,0,0,0
1774508834,0,0,0,0
1774508835,0,0,0,0
1774508836,0,0,0,0
1774508837,0,0,0,0
1774508838,0,0,0,0
1774508839,0,0,0,0
1774508840,0,0,0,0
1774508841,0,0,0,0
1774508842,0,0,0,0
1774508843,0,0,0,0
1774508844,0,0,0,0
1774508845,0,0,0,0
1774508846,0,0,0,0
1774508847,0,0,0,0
1774508848,0,0,0,0
1774508849,0,0,0,0
1774508850,0,0,0,0
1774508851,0,0,0,0
1774508852,0,0,0,0
1774508853,0,0,0,0
1774508854,0,0,0,0
1774508855,0,0,0,0
1774508856,0,0,0,0
1774508857,0,0,0,0
1774508858,0,0,0,0
1774508859,0,0,0,0
1774508860,0,0,0,0
1774508861,0,0,0,0
1774508862,0,0,0,0
1774508863,0,0,0,0
1774508864,0,0,0,0
1774508865,0,0,0,0
1774508866,0,0,0,0
1774508867,0,0,0,0
1774508868,0,0,0,0
1774508869,0,0,0,0
1774508870,0,0,0,0
1774508871,0,0,0,0
1774508872,0,0,0,0
1774508873,0,0,0,0
1774508875,0,0,0,0
1774508876,0,0,0,0
1774508877,0,0,0,0
1774508878,0,0,0,0
1774508879,0,0,0,0
1774508880,0,0,0,0
1774508881,0,0,0,0
1774508882,0,0,0,0
1774508883,0,0,0,0
1774508884,0,0,0,0
1774508885,0,0,0,0
1774508886,0,0,0,0
1774508887,0,0,0,0
1774508888,0,0,0,0
1774508889,0,0,0,0
1774508890,0,0,0,0
1774508891,0,0,0,0
1774508892,0,0,0,0
1774508893,0,0,0,0
1774508894,0,0,0,0
1774508895,0,0,0,0
1774508896,0,0,0,0
1774508897,0,0,0,0
1774508898,0,0,0,0
1774508899,0,0,0,0
1774508900,0,0,0,0
1774508901,0,0,0,0
1774508902,0,0,0,0
1774508903,0,0,0,0
1774508904,0,0,0,0
1774508905,0,0,0,0
1774508906,0,0,0,0
1774508907,0,0,0,0
1774508908,0,0,0,0
1774508909,0,0,0,0
1774508910,0,0,0,0
1774508911,0,0,0,0
1774508912,0,0,0,0
1774508913,0,0,0,0
1774508914,0,0,0,0
1774508915,0,0,0,0
1774508916,0,0,0,0
1774508917,0,0,0,0
1774508918,0,0,0,0
1774508919,0,0,0,0
1774508920,0,0,0,0
1774508921,0,0,0,0
1774508922,0,0,0,0
1774508923,0,0,0,0
1774508924,0,0,0,0
1774508925,0,0,0,0
1774508927,0,0,0,0
1774508928,0,0,0,0
1774508929,0,0,0,0
1774508930,0,0,0,0
1774508931,0,0,0,0
1774508932,0,0,0,0
1774508933,0,0,0,0
1774508934,0,0,0,0
1774508935,0,0,0,0
1774508936,0,0,0,0
1774508937,0,0,0,0
1774508938,0,0,0,0
1774508939,0,0,0,0
1774508940,0,0,0,0
1774508941,0,0,0,0
1774508942,0,0,0,0
1774508943,0,0,0,0
1774508944,0,0,0,0
1774508945,0,0,0,0
1774508946,0,0,0,0
1774508947,0,0,0,0
1774508948,0,0,0,0
1774508949,0,0,0,0
1774508950,0,0,0,0
1774508951,0,0,0,0
1774508952,0,0,0,0
1774508953,0,0,0,0
1774508954,0,0,0,0
1774508955,0,0,0,0
1774508956,0,0,0,0
1774508957,0,0,0,0
1774508958,0,0,0,0
1774508959,0,0,0,0
1774508960,0,0,0,0
1774508961,0,0,0,0
1774508962,0,0,0,0
1774508963,0,0,0,0
1774508964,0,0,0,0
1774508965,0,0,0,0
1774508966,0,0,0,0
1774508967,0,0,0,0
1774508968,0,0,0,0
1774508970,0,0,0,0
1774508971,0,0,0,0
1774508972,0,0,0,0
1774508973,0,0,0,0
1774508974,0,0,0,0
1774508975,0,0,0,0
1774508976,0,0,0,0
1774508977,0,0,0,0
1774508978,0,0,0,0
1774508979,0,0,0,0
1774508980,0,0,0,0
1774508981,0,0,0,0
1774508982,0,0,0,0
1774508983,0,0,0,0
1774508984,0,0,0,0
1774508985,0,0,0,0
1774508986,0,0,0,0
1774508987,0,0,0,0
1774508988,0,0,0,0
1774508989,0,0,0,0
1774508990,0,0,0,0
1774508991,0,0,0,0
1774508992,0,0,0,0
1774508993,0,0,0,0
1774508994,0,0,0,0
1774508995,0,0,0,0
1774508996,0,0,0,0
1774508997,0,0,0,0
1774508998,0,0,0,0
1774508999,0,0,0,0
1774509000,0,0,0,0
1774509001,0,0,0,0
1774509002,0,0,0,0
1774509003,0,0,0,0
1774509004,0,0,0,0
1774509005,0,0,0,0
1774509006,0,0,0,0
1774509007,0,0,0,0
1774509008,0,0,0,0
1774509009,0,0,0,0
1774509010,0,0,0,0
1774509011,0,0,0,0
1774509012,0,0,0,0
1774509013,0,0,0,0
1774509015,0,0,0,0
1774509016,0,0,0,0
1774509017,0,0,0,0
1774509018,0,0,0,0
1774509019,0,0,0,0
1774509020,0,0,0,0
1774509021,0,0,0,0
1774509022,0,0,0,0
1774509023,0,0,0,0
1774509024,0,0,0,0
1774509025,0,0,0,0
1774509026,0,0,0,0
1774509027,0,0,0,0
1774509028,0,0,0,0
1774509029,0,0,0,0
1774509030,0,0,0,0
1774509031,0,0,0,0
1774509032,0,0,0,0
1774509033,0,0,0,0
1774509034,0,0,0,0
1774509035,0,0,0,0
1774509036,0,0,0,0
1774509037,0,0,0,0
1774509038,0,0,0,0
1774509039,0,0,0,0
1774509040,0,0,0,0
1774509041,0,0,0,0
1774509042,0,0,0,0
1774509043,0,0,0,0
1774509044,0,0,0,0
1774509045,0,0,0,0
1774509046,0,0,0,0
1774509047,0,0,0,0
1774509048,0,0,0,0
1774509049,0,0,0,0
1774509050,0,0,0,0
1774509051,0,0,0,0
1774509052,0,0,0,0
1774509053,0,0,0,0
1774509054,0,0,0,0
1774509055,0,0,0,0
1774509056,0,0,0,0
1774509058,0,0,0,0
1774509059,0,0,0,0
1774509060,0,0,0,0
1774509061,0,0,0,0
1774509062,0,0,0,0
1774509063,0,0,0,0
1774509064,0,0,0,0
1774509065,0,0,0,0
1774509066,0,0,0,0
1774509067,0,0,0,0
1774509068,0,0,0,0
1774509069,0,0,0,0
1774509070,0,0,0,0
1774509071,0,0,0,0
1774509072,0,0,0,0
1774509073,0,0,0,0
1774509074,0,0,0,0
1774509075,0,0,0,0
1774509076,0,0,0,0
1774509077,0,0,0,0
1774509078,0,0,0,0
1774509079,0,0,0,0
1774509080,0,0,0,0
1774509081,0,0,0,0
1774509082,0,0,0,0
1774509083,0,0,0,0
1774509084,0,0,0,0
1774509085,0,0,0,0
1774509086,0,0,0,0
1774509087,0,0,0,0
1774509088,0,0,0,0
1774509089,0,0,0,0
1774509090,0,0,0,0
1774509091,0,0,0,0
1774509092,0,0,0,0
1774509093,0,0,0,0
1774509094,0,0,0,0
1774509095,0,0,0,0
1774509096,0,0,0,0
1774509097,0,0,0,0
1774509098,0,0,0,0
1774509100,0,0,0,0
1774509101,0,0,0,0
1774509102,0,0,0,0
1774509103,0,0,0,0
1774509104,0,0,0,0
1774509105,0,0,0,0
1774509106,0,0,0,0
1774509107,0,0,0,0
1774509108,0,0,0,0
1774509109,0,0,0,0
1774509110,0,0,0,0
1774509111,0,0,0,0
1774509112,0,0,0,0
1774509113,0,0,0,0
1774509114,0,0,0,0
1774509115,0,0,0,0
1774509116,0,0,0,0
1774509117,0,0,0,0
1774509118,0,0,0,0
1774509119,0,0,0,0
1774509120,0,0,0,0
1774509121,0,0,0,0
1774509122,0,0,0,0
1774509123,0,0,0,0
1774509124,0,0,0,0
1774509125,0,0,0,0
1774509126,0,0,0,0
1774509127,0,0,0,0
1774509128,0,0,0,0
1774509129,0,0,0,0
1774509130,0,0,0,0
1774509131,0,0,0,0
1774509132,0,0,0,0
1774509133,0,0,0,0
1774509134,0,0,0,0
1774509135,0,0,0,0
1774509136,0,0,0,0
1774509137,0,0,0,0
1774509138,0,0,0,0
1774509139,0,0,0,0
1774509140,0,0,0,0
1774509141,0,0,0,0
1774509143,0,0,0,0
1774509144,0,0,0,0
1774509145,0,0,0,0
1774509146,0,0,0,0
1774509147,0,0,0,0
1774509148,0,0,0,0
1774509149,0,0,0,0
1774509150,0,0,0,0
1774509151,0,0,0,0
1774509152,0,0,0,0
1774509153,0,0,0,0
1774509154,0,0,0,0
1774509155,0,0,0,0
1774509156,0,0,0,0
1774509157,0,0,0,0
1774509158,0,0,0,0
1774509159,0,0,0,0
1774509160,0,0,0,0
1774509161,0,0,0,0
1774509162,0,0,0,0
1774509163,0,0,0,0
1774509164,0,0,0,0
1774509165,0,0,0,0
1774509166,0,0,0,0
1774509167,0,0,0,0
1774509168,0,0,0,0
1774509169,0,0,0,0
1774509170,0,0,0,0
1774509171,0,0,0,0
1774509172,0,0,0,0
1774509173,0,0,0,0
1774509174,0,0,0,0
1774509175,0,0,0,0
1774509176,0,0,0,0
1774509177,0,0,0,0
1774509178,0,0,0,0
1774509179,0,0,0,0
1774509180,0,0,0,0
1774509181,0,0,0,0
1774509182,0,0,0,0
1774509183,0,0,0,0
1774509184,0,0,0,0
1774509185,0,0,0,0
1774509187,0,0,0,0
1774509188,0,0,0,0
1774509189,0,0,0,0
1774509190,0,0,0,0
1774509191,0,0,0,0
1774509192,0,0,0,0
1774509193,0,0,0,0
1774509194,0,0,0,0
1774509195,0,0,0,0
1774509196,0,0,0,0
1774509197,0,0,0,0
1774509198,0,0,0,0
1774509199,0,0,0,0
1774509200,0,0,0,0
1774509201,0,0,0,0
1774509202,0,0,0,0
1774509203,0,0,0,0
1774509204,0,0,0,0
1774509205,0,0,0,0
1774509206,0,0,0,0
1774509207,0,0,0,0
1774509208,0,0,0,0
1774509209,0,0,0,0
1774509210,0,0,0,0
1774509211,0,0,0,0
1774509212,0,0,0,0
1774509213,0,0,0,0
1774509214,0,0,0,0
1774509215,0,0,0,0
1774509216,0,0,0,0
1774509217,0,0,0,0
1774509218,0,0,0,0
1774509219,0,0,0,0
1774509220,0,0,0,0
1774509221,0,0,0,0
1774509222,0,0,0,0
1774509223,0,0,0,0
1774509224,0,0,0,0
1774509225,0,0,0,0
1774509226,0,0,0,0
1774509227,0,0,0,0
1774509228,0,0,0,0
1774509229,0,0,0,0
1774509230,0,0,0,0
1774509232,0,0,0,0
1774509233,0,0,0,0
1774509234,0,0,0,0
1774509235,0,0,0,0
1774509236,0,0,0,0
1774509237,0,0,0,0
1774509238,0,0,0,0
1774509239,0,0,0,0
1774509240,0,0,0,0
1774509241,0,0,0,0
1774509242,0,0,0,0
1774509243,0,0,0,0
1774509244,0,0,0,0
1774509245,0,0,0,0
1774509246,0,0,0,0
1774509247,0,0,0,0
1774509248,0,0,0,0
1774509249,0,0,0,0
1774509250,0,0,0,0
1774509251,0,0,0,0
1774509252,0,0,0,0
1774509253,0,0,0,0
1774509254,0,0,0,0
1774509255,0,0,0,0
1774509256,0,0,0,0
1774509257,0,0,0,0
1774509258,0,0,0,0
1774509259,0,0,0,0
1774509260,0,0,0,0
1774509261,0,0,0,0
1774509262,0,0,0,0
1774509263,0,0,0,0
1774509264,0,0,0,0
1774509265,0,0,0,0
1774509266,0,0,0,0
1774509267,0,0,0,0
1774509268,0,0,0,0
1774509269,0,0,0,0
1774509270,0,0,0,0
1774509271,0,0,0,0
1774509272,0,0,0,0
1774509273,0,0,0,0
1774509274,0,0,0,0
1774509275,0,0,0,0
1774509276,0,0,0,0
1774509278,0,0,0,0
1774509279,0,0,0,0
1774509280,0,0,0,0
1774509281,0,0,0,0
1774509282,0,0,0,0
1774509283,0,0,0,0
1774509284,0,0,0,0
1774509285,0,0,0,0
1774509286,0,0,0,0
1774509287,0,0,0,0
1774509288,0,0,0,0
1774509289,0,0,0,0
1774509290,0,0,0,0
1774509291,0,0,0,0
1774509292,0,0,0,0
1774509293,0,0,0,0
1774509294,0,0,0,0
1774509295,0,0,0,0
1774509296,0,0,0,0
1774509297,0,0,0,0
1774509298,0,0,0,0
1774509299,0,0,0,0
1774509300,0,0,0,0
1774509301,0,0,0,0
1774509302,0,0,0,0
1774509303,0,0,0,0
1774509304,0,0,0,0
1774509305,0,0,0,0
1774509306,0,0,0,0
1774509307,0,0,0,0
1774509308,0,0,0,0
1774509309,0,0,0,0
1774509310,0,0,0,0
1774509311,0,0,0,0
1774509312,0,0,0,0
1774509313,0,0,0,0
1774509314,0,0,0,0
1774509315,0,0,0,0
1774509316,0,0,0,0
1774509317,0,0,0,0
1774509318,0,0,0,0
1774509319,0,0,0,0
1774509320,0,0,0,0
1774509321,0,0,0,0
1774509322,0,0,0,0
1774509323,0,0,0,0
1774509325,0,0,0,0
1774509326,0,0,0,0
1774509327,0,0,0,0
1774509328,0,0,0,0
1774509329,0,0,0,0
1774509330,0,0,0,0
1774509331,0,0,0,0
1774509332,0,0,0,0
1774509333,0,0,0,0
1774509334,0,0,0,0
1774509335,0,0,0,0
1774509336,0,0,0,0
1774509337,0,0,0,0
1774509338,0,0,0,0
1774509339,0,0,0,0
1774509340,0,0,0,0
1774509341,0,0,0,0
1774509342,0,0,0,0
1774509343,0,0,0,0
1774509344,0,0,0,0
1774509345,0,0,0,0
1774509346,0,0,0,0
1774509347,0,0,0,0
1774509348,0,0,0,0
1774509349,0,0,0,0
1774509350,0,0,0,0
1774509351,0,0,0,0
1774509352,0,0,0,0
1774509353,0,0,0,0
1774509354,0,0,0,0
1774509355,0,0,0,0
1774509356,0,0,0,0
1774509357,0,0,0,0
1774509358,0,0,0,0
1774509359,0,0,0,0
1774509360,0,0,0,0
1774509361,0,0,0,0
1774509362,0,0,0,0
1774509363,0,0,0,0
1774509364,0,0,0,0
1774509365,0,0,0,0
1774509366,0,0,0,0
1774509367,0,0,0,0
1774509368,0,0,0,0
1774509369,0,0,0,0
1774509370,0,0,0,0
1774509371,0,0,0,0
1774509373,0,0,0,0
1774509374,0,0,0,0
1774509375,0,0,0,0
1774509376,0,0,0,0
1774509377,0,0,0,0
1774509378,0,0,0,0
1774509379,0,0,0,0
1774509380,0,0,0,0
1774509381,0,0,0,0
1774509382,0,0,0,0
1774509383,0,0,0,0
1774509384,0,0,0,0
1774509385,0,0,0,0
1774509386,0,0,0,0
1774509387,0,0,0,0
1774509388,0,0,0,0
1774509389,0,0,0,0
1774509390,0,0,0,0
1774509391,0,0,0,0
1774509392,0,0,0,0
1774509393,0,0,0,0
1774509394,0,0,0,0
1774509395,0,0,0,0
1774509396,0,0,0,0
1774509397,0,0,0,0
1774509398,0,0,0,0
1774509399,0,0,0,0
1774509400,0,0,0,0
1774509401,0,0,0,0
1774509402,0,0,0,0
1774509403,0,0,0,0
1774509404,0,0,0,0
1774509405,0,0,0,0
1774509406,0,0,0,0
1774509407,0,0,0,0
1774509408,0,0,0,0
1774509409,0,0,0,0
1774509410,0,0,0,0
1774509411,0,0,0,0
1774509412,0,0,0,0
1774509413,0,0,0,0
1774509415,0,0,0,0
1774509416,0,0,0,0
1774509417,0,0,0,0
1774509418,0,0,0,0
1774509419,0,0,0,0
1774509420,0,0,0,0
1774509421,0,0,0,0
1774509422,0,0,0,0
1774509423,0,0,0,0
1774509424,0,0,0,0
1774509425,0,0,0,0
1774509426,0,0,0,0
1774509427,0,0,0,0
1774509428,0,0,0,0
1774509429,0,0,0,0
1774509430,0,0,0,0
1774509431,0,0,0,0
1774509432,0,0,0,0
1774509433,0,0,0,0
1774509434,0,0,0,0
1774509435,0,0,0,0
1774509436,0,0,0,0
1774509437,0,0,0,0
1774509438,0,0,0,0
1774509439,0,0,0,0
1774509440,0,0,0,0
1774509441,0,0,0,0
1774509442,0,0,0,0
1774509443,0,0,0,0
1774509444,0,0,0,0
1774509445,0,0,0,0
1774509446,0,0,0,0
1774509447,0,0,0,0
1774509448,0,0,0,0
1774509449,0,0,0,0
1774509450,0,0,0,0
1774509451,0,0,0,0
1774509452,0,0,0,0
1774509453,0,0,0,0
1774509454,0,0,0,0
1774509455,0,0,0,0
1774509456,0,0,0,0
1774509457,0,0,0,0
1774509459,0,0,0,0
1774509460,0,0,0,0
1774509461,0,0,0,0
1774509462,0,0,0,0
1774509463,0,0,0,0
1774509464,0,0,0,0
1774509465,0,0,0,0
1774509466,0,0,0,0
1774509467,0,0,0,0
1774509468,0,0,0,0
1774509469,0,0,0,0
1774509470,0,0,0,0
1774509471,0,0,0,0
1774509472,0,0,0,0
1774509473,0,0,0,0
1774509474,0,0,0,0
1774509475,0,0,0,0
1774509476,0,0,0,0
1774509477,0,0,0,0
1774509478,0,0,0,0
1774509479,0,0,0,0
1774509480,0,0,0,0
1774509481,0,0,0,0
1774509482,0,0,0,0
1774509483,0,0,0,0
1774509484,0,0,0,0
1774509485,0,0,0,0
1774509486,0,0,0,0
1774509487,0,0,0,0
1774509488,0,0,0,0
1774509489,0,0,0,0
1774509490,0,0,0,0
1774509491,0,0,0,0
1774509492,0,0,0,0
1774509493,0,0,0,0
1774509494,0,0,0,0
1774509495,0,0,0,0
1774509496,0,0,0,0
1774509497,0,0,0,0
1774509499,0,0,0,0
1774509500,0,0,0,0
1774509501,0,0,0,0
1774509502,0,0,0,0
1774509503,0,0,0,0
1774509504,0,0,0,0
1774509505,0,0,0,0
1774509506,0,0,0,0
1774509507,0,0,0,0
1774509508,0,0,0,0
1774509509,0,0,0,0
1774509510,0,0,0,0
1774509511,0,0,0,0
1774509512,0,0,0,0
1774509513,0,0,0,0
1774509514,0,0,0,0
1774509515,0,0,0,0
1774509516,0,0,0,0
1774509517,0,0,0,0
1774509518,0,0,0,0
1774509519,0,0,0,0
1774509520,0,0,0,0
1774509521,0,0,0,0
1774509522,0,0,0,0
1774509523,0,0,0,0
1774509524,0,0,0,0
1774509525,0,0,0,0
1774509526,0,0,0,0
1774509527,0,0,0,0
1774509528,0,0,0,0
1774509529,0,0,0,0
1774509530,0,0,0,0
1774509531,0,0,0,0
1774509532,0,0,0,0
1774509533,0,0,0,0
1774509534,0,0,0,0
1774509535,0,0,0,0
1774509536,0,0,0,0
1774509537,0,0,0,0
1774509538,0,0,0,0
1774509539,0,0,0,0
1774509540,0,0,0,0
1774509541,0,0,0,0
1774509542,0,0,0,0
1774509544,0,0,0,0
1774509545,0,0,0,0
1774509546,0,0,0,0
1774509547,0,0,0,0
1774509548,0,0,0,0
1774509549,0,0,0,0
1774509550,0,0,0,0
1774509551,0,0,0,0
1774509552,0,0,0,0
1774509553,0,0,0,0
1774509554,0,0,0,0
1774509555,0,0,0,0
1774509556,0,0,0,0
1774509557,0,0,0,0
1774509558,0,0,0,0
1774509559,0,0,0,0
1774509560,0,0,0,0
1774509561,0,0,0,0
1774509562,0,0,0,0
1774509563,0,0,0,0
1774509564,0,0,0,0
1774509565,0,0,0,0
1774509566,0,0,0,0
1774509567,0,0,0,0
1774509568,0,0,0,0
1774509569,0,0,0,0
1774509570,0,0,0,0
1774509571,0,0,0,0
1774509572,0,0,0,0
1774509573,0,0,0,0
1774509574,0,0,0,0
1774509575,0,0,0,0
1774509576,0,0,0,0
1774509577,0,0,0,0
1774509578,0,0,0,0
1774509579,0,0,0,0
1774509580,0,0,0,0
1774509581,0,0,0,0
1774509582,0,0,0,0
1774509584,0,0,0,0
1774509585,0,0,0,0
1774509586,0,0,0,0
1774509587,0,0,0,0
1774509588,0,0,0,0
1774509589,0,0,0,0
1774509590,0,0,0,0
1774509591,0,0,0,0
1774509592,0,0,0,0
1774509593,0,0,0,0
1774509594,0,0,0,0
1774509595,0,0,0,0
1774509596,0,0,0,0
1774509597,0,0,0,0
1774509598,0,0,0,0
1774509599,0,0,0,0
1774509600,0,0,0,0
1774509601,0,0,0,0
1774509602,0,0,0,0
1774509603,0,0,0,0
1774509604,0,0,0,0
1774509605,0,0,0,0
1774509606,0,0,0,0
1774509607,0,0,0,0
1774509608,0,0,0,0
1774509609,0,0,0,0
1774509610,0,0,0,0
1774509611,0,0,0,0
1774509612,0,0,0,0
1774509613,0,0,0,0
1774509614,0,0,0,0
1774509615,0,0,0,0
1774509616,0,0,0,0
1774509617,0,0,0,0
1774509618,0,0,0,0
1774509619,0,0,0,0
1774509620,0,0,0,0
1774509621,0,0,0,0
1774509622,0,0,0,0
1774509623,0,0,0,0
1774509624,0,0,0,0
1774509625,0,0,0,0
1774509627,0,0,0,0
1774509628,0,0,0,0
1774509629,0,0,0,0
1774509630,0,0,0,0
1774509631,0,0,0,0
1774509632,0,0,0,0
1774509633,0,0,0,0
1774509634,0,0,0,0
1774509635,0,0,0,0
1774509636,0,0,0,0
1774509637,0,0,0,0
1774509638,0,0,0,0
1774509639,0,0,0,0
1774509640,0,0,0,0
1774509641,0,0,0,0
1774509642,0,0,0,0
1774509643,0,0,0,0
1774509644,0,0,0,0
1774509645,0,0,0,0
1774509646,0,0,0,0
1774509647,0,0,0,0
1774509648,0,0,0,0
1774509649,0,0,0,0
1774509650,0,0,0,0
1774509651,0,0,0,0
1774509652,0,0,0,0
1774509653,0,0,0,0
1774509654,0,0,0,0
1774509655,0,0,0,0
1774509656,0,0,0,0
1774509657,0,0,0,0
1774509658,0,0,0,0
1774509659,0,0,0,0
1774509660,0,0,0,0
1774509661,0,0,0,0
1774509662,0,0,0,0
1774509663,0,0,0,0
1774509664,0,0,0,0
1774509665,0,0,0,0
1774509666,0,0,0,0
1774509667,0,0,0,0
1774509668,0,0,0,0
1774509670,0,0,0,0
1774509671,0,0,0,0
1774509672,0,0,0,0
1774509673,0,0,0,0
1774509674,0,0,0,0
1774509675,0,0,0,0
1774509676,0,0,0,0
1774509677,0,0,0,0
1774509678,0,0,0,0
1774509679,0,0,0,0
1774509680,0,0,0,0
1774509681,0,0,0,0
1774509682,0,0,0,0
1774509683,0,0,0,0
1774509684,0,0,0,0
1774509685,0,0,0,0
1774509686,0,0,0,0
1774509687,0,0,0,0
1774509688,0,0,0,0
1774509689,0,0,0,0
1774509690,0,0,0,0
1774509691,0,0,0,0
1774509692,0,0,0,0
1774509693,0,0,0,0
1774509694,0,0,0,0
1774509695,0,0,0,0
1774509696,0,0,0,0
1774509697,0,0,0,0
1774509698,0,0,0,0
1774509699,0,0,0,0
1774509700,0,0,0,0
1774509701,0,0,0,0
1774509702,0,0,0,0
1774509703,0,0,0,0
1774509704,0,0,0,0
1774509705,0,0,0,0
1774509706,0,0,0,0
1774509707,0,0,0,0
1774509708,0,0,0,0
1774509709,0,0,0,0
1774509710,0,0,0,0
1774509711,0,0,0,0
1774509712,0,0,0,0
1774509713,0,0,0,0
1774509715,0,0,0,0
1774509716,0,0,0,0
1774509717,0,0,0,0
1774509718,0,0,0,0
1774509719,0,0,0,0
1774509720,0,0,0,0
1774509721,0,0,0,0
1774509722,0,0,0,0
1774509723,0,0,0,0
1774509724,0,0,0,0
1774509725,0,0,0,0
1774509726,0,0,0,0
1774509727,0,0,0,0
1774509728,0,0,0,0
1774509729,0,0,0,0
1774509730,0,0,0,0
1774509731,0,0,0,0
1774509732,0,0,0,0
1774509733,0,0,0,0
1774509734,0,0,0,0
1774509735,0,0,0,0
1774509736,0,0,0,0
1774509737,0,0,0,0
1774509738,0,0,0,0
1774509739,0,0,0,0
1774509740,0,0,0,0
1774509741,0,0,0,0
1774509742,0,0,0,0
1774509743,0,0,0,0
1774509744,0,0,0,0
1774509745,0,0,0,0
1774509746,0,0,0,0
1774509747,0,0,0,0
1774509748,0,0,0,0
1774509749,0,0,0,0
1774509750,0,0,0,0
1774509751,0,0,0,0
1774509752,0,0,0,0
1774509753,0,0,0,0
1774509754,0,0,0,0
1774509755,0,0,0,0
1774509756,0,0,0,0
1774509757,0,0,0,0
1774509758,0,0,0,0
1774509759,0,0,0,0
1774509761,0,0,0,0
1774509762,0,0,0,0
1774509763,0,0,0,0
1774509764,0,0,0,0
1774509765,0,0,0,0
1774509766,0,0,0,0
1774509767,0,0,0,0
1774509768,0,0,0,0
1774509769,0,0,0,0
1774509770,0,0,0,0
1774509771,0,0,0,0
1774509772,0,0,0,0
1774509773,0,0,0,0
1774509774,0,0,0,0
1774509775,0,0,0,0
1774509776,0,0,0,0
1774509777,0,0,0,0
1774509778,0,0,0,0
1774509779,0,0,0,0
1774509780,0,0,0,0
1774509781,0,0,0,0
1774509782,0,0,0,0
1774509783,0,0,0,0
1774509784,0,0,0,0
1774509785,0,0,0,0
1774509786,0,0,0,0
1774509787,0,0,0,0
1774509788,0,0,0,0
1774509789,0,0,0,0
1774509790,0,0,0,0
1774509791,0,0,0,0
1774509792,0,0,0,0
1774509793,0,0,0,0
1774509794,0,0,0,0
1774509795,0,0,0,0
1774509796,0,0,0,0
1774509797,0,0,0,0
1774509798,0,0,0,0
1774509799,0,0,0,0
1774509800,0,0,0,0
1774509801,0,0,0,0
1774509802,0,0,0,0
1774509803,0,0,0,0
1774509805,0,0,0,0
1774509806,0,0,0,0
1774509807,0,0,0,0
1774509808,0,0,0,0
1774509809,0,0,0,0
1774509810,0,0,0,0
1774509811,0,0,0,0
1774509812,0,0,0,0
1774509813,0,0,0,0
1774509814,0,0,0,0
1774509815,0,0,0,0
1774509816,0,0,0,0
1774509817,0,0,0,0
1774509818,0,0,0,0
1774509819,0,0,0,0
1774509820,0,0,0,0
1774509821,0,0,0,0
1774509822,0,0,0,0
1774509823,0,0,0,0
1774509824,0,0,0,0
1774509825,0,0,0,0
1774509826,0,0,0,0
1774509827,0,0,0,0
1774509828,0,0,0,0
1774509829,0,0,0,0
1774509830,0,0,0,0
1774509831,0,0,0,0
1774509832,0,0,0,0
1774509833,0,0,0,0
1774509834,0,0,0,0
1774509835,0,0,0,0
1774509836,0,0,0,0
1774509837,0,0,0,0
1774509838,0,0,0,0
1774509839,0,0,0,0
1774509840,0,0,0,0
1774509841,0,0,0,0
1774509842,0,0,0,0
1774509844,0,0,0,0
1774509845,0,0,0,0
1774509846,0,0,0,0
1774509847,0,0,0,0
1774509848,0,0,0,0
1774509849,0,0,0,0
1774509850,0,0,0,0
1774509851,0,0,0,0
1774509852,0,0,0,0
1774509853,0,0,0,0
1774509854,0,0,0,0
1774509855,0,0,0,0
1774509856,0,0,0,0
1774509857,0,0,0,0
1774509858,0,0,0,0
1774509859,0,0,0,0
1774509860,0,0,0,0
1774509861,0,0,0,0
1774509862,0,0,0,0
1774509863,0,0,0,0
1774509864,0,0,0,0
1774509865,0,0,0,0
1774509866,0,0,0,0
1774509867,0,0,0,0
1774509868,0,0,0,0
1774509869,0,0,0,0
1774509870,0,0,0,0
1774509871,0,0,0,0
1774509872,0,0,0,0
1774509873,0,0,0,0
1774509874,0,0,0,0
1774509875,0,0,0,0
1774509876,0,0,0,0
1774509877,0,0,0,0
1774509878,0,0,0,0
1774509879,0,0,0,0
1774509880,0,0,0,0
1774509881,0,0,0,0
1774509882,0,0,0,0
1774509883,0,0,0,0
1774509884,0,0,0,0
1774509886,0,0,0,0
1774509887,0,0,0,0
1774509888,0,0,0,0
1774509889,0,0,0,0
1774509890,0,0,0,0
1774509891,0,0,0,0
1774509892,0,0,0,0
1774509893,0,0,0,0
1774509894,0,0,0,0
1774509895,0,0,0,0
1774509896,0,0,0,0
1774509897,0,0,0,0
1774509898,0,0,0,0
1774509899,0,0,0,0
1774509900,0,0,0,0
1774509901,0,0,0,0
1774509902,0,0,0,0
1774509903,0,0,0,0
1774509904,0,0,0,0
1774509905,0,0,0,0
1774509906,0,0,0,0
1774509907,0,0,0,0
1774509908,0,0,0,0
1774509909,0,0,0,0
1774509910,0,0,0,0
1774509911,0,0,0,0
1774509912,0,0,0,0
1774509913,0,0,0,0
1774509914,0,0,0,0
1774509915,0,0,0,0
1774509916,0,0,0,0
1774509917,0,0,0,0
1774509918,0,0,0,0
1774509919,0,0,0,0
1774509920,0,0,0,0
1774509921,0,0,0,0
1774509922,0,0,0,0
1774509923,0,0,0,0
1774509924,0,0,0,0
1774509926,0,0,0,0
1774509927,0,0,0,0
1774509928,0,0,0,0
1774509929,0,0,0,0
1774509930,0,0,0,0
1774509931,0,0,0,0
1774509932,0,0,0,0
1774509933,0,0,0,0
1774509934,0,0,0,0
1774509935,0,0,0,0
1774509936,0,0,0,0
1774509937,0,0,0,0
1774509938,0,0,0,0
1774509939,0,0,0,0
1774509940,0,0,0,0
1774509941,0,0,0,0
1774509942,0,0,0,0
1774509943,0,0,0,0
1774509944,0,0,0,0
1774509945,0,0,0,0
1774509946,0,0,0,0
1774509947,0,0,0,0
1774509948,0,0,0,0
1774509949,0,0,0,0
1774509950,0,0,0,0
1774509951,0,0,0,0
1774509952,0,0,0,0
1774509953,0,0,0,0
1774509954,0,0,0,0
1774509955,0,0,0,0
1774509956,0,0,0,0
1774509957,0,0,0,0
1774509958,0,0,0,0
1774509959,0,0,0,0
1774509960,0,0,0,0
1774509961,0,0,0,0
1774509962,0,0,0,0
1774509963,0,0,0,0
1774509964,0,0,0,0
1774509965,0,0,0,0
1774509966,0,0,0,0
1774509968,0,0,0,0
1774509969,0,0,0,0
1774509970,0,0,0,0
1774509971,0,0,0,0
1774509972,0,0,0,0
1774509973,0,0,0,0
1774509974,0,0,0,0
1774509975,0,0,0,0
1774509976,0,0,0,0
1774509977,0,0,0,0
1774509978,0,0,0,0
1774509979,0,0,0,0
1774509980,0,0,0,0
1774509981,0,0,0,0
1774509982,0,0,0,0
1774509983,0,0,0,0
1774509984,0,0,0,0
1774509985,0,0,0,0
1774509986,0,0,0,0
1774509987,0,0,0,0
1774509988,0,0,0,0
1774509989,0,0,0,0
1774509990,0,0,0,0
1774509991,0,0,0,0
1774509992,0,0,0,0
1774509993,0,0,0,0
1774509994,0,0,0,0
1774509995,0,0,0,0
1774509996,0,0,0,0
1774509997,0,0,0,0
1774509998,0,0,0,0
1774509999,0,0,0,0
1774510000,0,0,0,0
1774510001,0,0,0,0
1774510002,0,0,0,0
1774510003,0,0,0,0
1774510004,0,0,0,0
1774510005,0,0,0,0
1774510006,0,0,0,0
1774510007,0,0,0,0
1774510008,0,0,0,0
1774510009,0,0,0,0
1774510011,0,0,0,0
1774510012,0,0,0,0
1774510013,0,0,0,0
1774510014,0,0,0,0
1774510015,0,0,0,0
1774510016,0,0,0,0
1774510017,0,0,0,0
1774510018,0,0,0,0
1774510019,0,0,0,0
1774510020,0,0,0,0
1774510021,0,0,0,0
1774510022,0,0,0,0
1774510023,0,0,0,0
1774510024,0,0,0,0
1774510025,0,0,0,0
1774510026,0,0,0,0
1774510027,0,0,0,0
1774510028,0,0,0,0
1774510029,0,0,0,0
1774510030,0,0,0,0
1774510031,0,0,0,0
1774510032,0,0,0,0
1774510033,0,0,0,0
1774510034,0,0,0,0
1774510035,0,0,0,0
1774510036,0,0,0,0
1774510037,0,0,0,0
1774510038,0,0,0,0
1774510039,0,0,0,0
1774510040,0,0,0,0
1774510041,0,0,0,0
1774510042,0,0,0,0
1774510043,0,0,0,0
1774510044,0,0,0,0
1774510045,0,0,0,0
1774510046,0,0,0,0
1774510047,0,0,0,0
1774510048,0,0,0,0
1774510049,0,0,0,0
1774510050,0,0,0,0
1774510051,0,0,0,0
1774510052,0,0,0,0
1774510054,0,0,0,0
1774510055,0,0,0,0
1774510056,0,0,0,0
1774510057,0,0,0,0
1774510058,0,0,0,0
1774510059,0,0,0,0
1774510060,0,0,0,0
1774510061,0,0,0,0
1774510062,0,0,0,0
1774510063,0,0,0,0
1774510064,0,0,0,0
1774510065,0,0,0,0
1774510066,0,0,0,0
1774510067,0,0,0,0
1774510068,0,0,0,0
1774510069,0,0,0,0
1774510070,0,0,0,0
1774510071,0,0,0,0
1774510072,0,0,0,0
1774510073,0,0,0,0
1774510074,0,0,0,0
1774510075,0,0,0,0
1774510076,0,0,0,0
1774510077,0,0,0,0
1774510078,0,0,0,0
1774510079,0,0,0,0
1774510080,0,0,0,0
1774510081,0,0,0,0
1774510082,0,0,0,0
1774510083,0,0,0,0
1774510084,0,0,0,0
1774510085,0,0,0,0
1774510086,0,0,0,0
1774510087,0,0,0,0
1774510088,0,0,0,0
1774510089,0,0,0,0
1774510090,0,0,0,0
1774510091,0,0,0,0
1774510093,0,0,0,0
1774510094,0,0,0,0
1774510095,0,0,0,0
1774510096,0,0,0,0
1774510097,0,0,0,0
1774510098,0,0,0,0
1774510099,0,0,0,0
1774510100,0,0,0,0
1774510101,0,0,0,0
1774510102,0,0,0,0
1774510103,0,0,0,0
1774510104,0,0,0,0
1774510105,0,0,0,0
1774510106,0,0,0,0
1774510107,0,0,0,0
1774510108,0,0,0,0
1774510109,0,0,0,0
1774510110,0,0,0,0
1774510111,0,0,0,0
1774510112,0,0,0,0
1774510113,0,0,0,0
1774510114,0,0,0,0
1774510115,0,0,0,0
1774510116,0,0,0,0
1774510117,0,0,0,0
1774510118,0,0,0,0
1774510119,0,0,0,0
1774510120,0,0,0,0
1774510121,0,0,0,0
1774510122,0,0,0,0
1774510123,0,0,0,0
1774510124,0,0,0,0
1774510125,0,0,0,0
1774510126,0,0,0,0
1774510127,0,0,0,0
1774510128,0,0,0,0
1774510129,0,0,0,0
1774510130,0,0,0,0
1774510131,0,0,0,0
1774510132,0,0,0,0
1774510134,0,0,0,0
1774510135,0,0,0,0
1774510136,0,0,0,0
1774510137,0,0,0,0
1774510138,0,0,0,0
1774510139,0,0,0,0
1774510140,0,0,0,0
1774510141,0,0,0,0
1774510142,0,0,0,0
1774510143,0,0,0,0
1774510144,0,0,0,0
1774510145,0,0,0,0
1774510146,0,0,0,0
1774510147,0,0,0,0
1774510148,0,0,0,0
1774510149,0,0,0,0
1774510150,0,0,0,0
1774510151,0,0,0,0
1774510152,0,0,0,0
1774510153,0,0,0,0
1774510154,0,0,0,0
1774510155,0,0,0,0
1774510156,0,0,0,0
1774510157,0,0,0,0
1774510158,0,0,0,0
1774510159,0,0,0,0
1774510160,0,0,0,0
1774510161,0,0,0,0
1774510162,0,0,0,0
1774510163,0,0,0,0
1774510164,0,0,0,0
1774510165,0,0,0,0
1774510166,0,0,0,0
1774510167,0,0,0,0
1774510168,0,0,0,0
1774510169,0,0,0,0
1774510170,0,0,0,0
1774510171,0,0,0,0
1774510172,0,0,0,0
1774510173,0,0,0,0
1774510174,0,0,0,0
1774510175,0,0,0,0
1774510176,0,0,0,0
1774510178,0,0,0,0
1774510179,0,0,0,0
1774510180,0,0,0,0
1774510181,0,0,0,0
1774510182,0,0,0,0
1774510183,0,0,0,0
1774510184,0,0,0,0
1774510185,0,0,0,0
1774510186,0,0,0,0
1774510187,0,0,0,0
1774510188,0,0,0,0
1774510189,0,0,0,0
1774510190,0,0,0,0
1774510191,0,0,0,0
1774510192,0,0,0,0
1774510193,0,0,0,0
1774510194,0,0,0,0
1774510195,0,0,0,0
1774510196,0,0,0,0
1774510197,0,0,0,0
1774510198,0,0,0,0
1774510199,0,0,0,0
1774510200,0,0,0,0
1774510201,0,0,0,0
1774510202,0,0,0,0
1774510203,0,0,0,0
1774510204,0,0,0,0
1774510205,0,0,0,0
1774510206,0,0,0,0
1774510207,0,0,0,0
1774510208,0,0,0,0
1774510209,0,0,0,0
1774510210,0,0,0,0
1774510211,0,0,0,0
1774510212,0,0,0,0
1774510213,0,0,0,0
1774510214,0,0,0,0
1774510215,0,0,0,0
1774510216,0,0,0,0
1774510217,0,0,0,0
1774510218,0,0,0,0
1774510219,0,0,0,0
1774510220,0,0,0,0
1774510221,0,0,0,0
1774510223,0,0,0,0
1774510224,0,0,0,0
1774510225,0,0,0,0
1774510226,0,0,0,0
1774510227,0,0,0,0
1774510228,0,0,0,0
1774510229,0,0,0,0
1774510230,0,0,0,0
1774510231,0,0,0,0
1774510232,0,0,0,0
1774510233,0,0,0,0
1774510234,0,0,0,0
1774510235,0,0,0,0
1774510236,0,0,0,0
1774510237,0,0,0,0
1774510238,0,0,0,0
1774510239,0,0,0,0
1774510240,0,0,0,0
1774510241,0,0,0,0
1774510242,0,0,0,0
1774510243,0,0,0,0
1774510244,0,0,0,0
1774510245,0,0,0,0
1774510246,0,0,0,0
1774510247,0,0,0,0
1774510248,0,0,0,0
1774510249,0,0,0,0
1774510250,0,0,0,0
1774510251,0,0,0,0
1774510252,0,0,0,0
1774510253,0,0,0,0
1774510254,0,0,0,0
1774510255,0,0,0,0
1774510256,0,0,0,0
1774510257,0,0,0,0
1774510258,0,0,0,0
1774510259,0,0,0,0
1774510260,0,0,0,0
1774510261,0,0,0,0
1774510262,0,0,0,0
1774510263,0,0,0,0
1774510264,0,0,0,0
1774510265,0,0,0,0
1774510266,0,0,0,0
1774510267,0,0,0,0
1774510268,0,0,0,0
1774510269,0,0,0,0
1774510270,0,0,0,0
1774510271,0,0,0,0
1774510273,0,0,0,0
1774510274,0,0,0,0
1774510275,0,0,0,0
1774510276,0,0,0,0
1774510277,0,0,0,0
1774510278,0,0,0,0
1774510279,0,0,0,0
1774510280,0,0,0,0
1774510281,0,0,0,0
1774510282,0,0,0,0
1774510283,0,0,0,0
1774510284,0,0,0,0
1774510285,0,0,0,0
1774510286,0,0,0,0
1774510287,0,0,0,0
1774510288,0,0,0,0
1774510289,0,0,0,0
1774510290,0,0,0,0
1774510291,0,0,0,0
1774510292,0,0,0,0
1774510293,0,0,0,0
1774510294,0,0,0,0
1774510295,0,0,0,0
1774510296,0,0,0,0
1774510297,0,0,0,0
1774510298,0,0,0,0
1774510299,0,0,0,0
1774510300,0,0,0,0
1774510301,0,0,0,0
1774510302,0,0,0,0
1774510303,0,0,0,0
1774510304,0,0,0,0
1774510305,0,0,0,0
1774510306,0,0,0,0
1774510307,0,0,0,0
1774510308,0,0,0,0
1774510309,0,0,0,0
1774510310,0,0,0,0
1774510311,0,0,0,0
1774510312,0,0,0,0
1774510313,0,0,0,0
1774510314,0,0,0,0
1774510315,0,0,0,0
1774510317,0,0,0,0
1774510318,0,0,0,0
1774510319,0,0,0,0
1774510320,0,0,0,0
1774510321,0,0,0,0
1774510322,0,0,0,0
1774510323,0,0,0,0
1774510324,0,0,0,0
1774510325,0,0,0,0
1774510326,0,0,0,0
1774510327,0,0,0,0
1774510328,0,0,0,0
1774510329,0,0,0,0
1774510330,0,0,0,0
1774510331,0,0,0,0
1774510332,0,0,0,0
1774510333,0,0,0,0
1774510334,0,0,0,0
1774510335,0,0,0,0
1774510336,0,0,0,0
1774510337,0,0,0,0
1774510338,0,0,0,0
1774510339,0,0,0,0
1774510340,0,0,0,0
1774510341,0,0,0,0
1774510342,0,0,0,0
1774510343,0,0,0,0
1774510344,0,0,0,0
1774510345,0,0,0,0
1774510346,0,0,0,0
1774510347,0,0,0,0
1774510348,0,0,0,0
1774510349,0,0,0,0
1774510350,0,0,0,0
1774510351,0,0,0,0
1774510352,0,0,0,0
1774510353,0,0,0,0
1774510354,0,0,0,0
1774510355,0,0,0,0
1774510356,0,0,0,0
1774510357,0,0,0,0
1774510358,0,0,0,0
1774510359,0,0,0,0
1774510361,0,0,0,0
1774510362,0,0,0,0
1774510363,0,0,0,0
1774510364,0,0,0,0
1774510365,0,0,0,0
1774510366,0,0,0,0
1774510367,0,0,0,0
1774510368,0,0,0,0
1774510369,0,0,0,0
1774510370,0,0,0,0
1774510371,0,0,0,0
1774510372,0,0,0,0
1774510373,0,0,0,0
1774510374,0,0,0,0
1774510375,0,0,0,0
1774510376,0,0,0,0
1774510377,0,0,0,0
1774510378,0,0,0,0
1774510379,0,0,0,0
1774510380,0,0,0,0
1774510381,0,0,0,0
1774510382,0,0,0,0
1774510383,0,0,0,0
1774510384,0,0,0,0
1774510385,0,0,0,0
1774510386,0,0,0,0
1774510387,0,0,0,0
1774510388,0,0,0,0
1774510389,0,0,0,0
1774510390,0,0,0,0
1774510391,0,0,0,0
1774510392,0,0,0,0
1774510393,0,0,0,0
1774510394,0,0,0,0
1774510395,0,0,0,0
1774510396,0,0,0,0
1774510397,0,0,0,0
1774510398,0,0,0,0
1774510399,0,0,0,0
1774510400,0,0,0,0
1774510401,0,0,0,0
1774510402,0,0,0,0
1774510403,0,0,0,0
1774510404,0,0,0,0
1774510405,0,0,0,0
1774510407,0,0,0,0
1774510408,0,0,0,0
1774510409,0,0,0,0
1774510410,0,0,0,0
1774510411,0,0,0,0
1774510412,0,0,0,0
1774510413,0,0,0,0
1774510414,0,0,0,0
1774510415,0,0,0,0
1774510416,0,0,0,0
1774510417,0,0,0,0
1774510418,0,0,0,0
1774510419,0,0,0,0
1774510420,0,0,0,0
1774510421,0,0,0,0
1774510422,0,0,0,0
1774510423,0,0,0,0
1774510424,0,0,0,0
1774510425,0,0,0,0
1774510426,0,0,0,0
1774510427,0,0,0,0
1774510428,0,0,0,0
1774510429,0,0,0,0
1774510430,0,0,0,0
1774510431,0,0,0,0
1774510432,0,0,0,0
1774510433,0,0,0,0
1774510434,0,0,0,0
1774510435,0,0,0,0
1774510436,0,0,0,0
1774510437,0,0,0,0
1774510438,0,0,0,0
1774510439,0,0,0,0
1774510440,0,0,0,0
1774510441,0,0,0,0
1774510442,0,0,0,0
1774510443,0,0,0,0
1774510444,0,0,0,0
1774510445,0,0,0,0
1774510446,0,0,0,0
1774510447,0,0,0,0
1774510448,0,0,0,0
1774510449,0,0,0,0
1774510450,0,0,0,0
1774510451,0,0,0,0
1774510452,0,0,0,0
1774510453,0,0,0,0
1774510454,0,0,0,0
1774510456,0,0,0,0
1774510457,0,0,0,0
1774510458,0,0,0,0
1774510459,0,0,0,0
1774510460,0,0,0,0
1774510461,0,0,0,0
1774510462,0,0,0,0
1774510463,0,0,0,0
1774510464,0,0,0,0
1774510465,0,0,0,0
1774510466,0,0,0,0
1774510467,0,0,0,0
1774510468,0,0,0,0
1774510469,0,0,0,0
1774510470,0,0,0,0
1774510471,0,0,0,0
1774510472,0,0,0,0
1774510473,0,0,0,0
1774510474,0,0,0,0
1774510475,0,0,0,0
1774510476,0,0,0,0
1774510477,0,0,0,0
1774510478,0,0,0,0
1774510479,0,0,0,0
1774510480,0,0,0,0
1774510481,0,0,0,0
1774510482,0,0,0,0
1774510483,0,0,0,0
1774510484,0,0,0,0
1774510485,0,0,0,0
1774510486,0,0,0,0
1774510487,0,0,0,0
1774510488,0,0,0,0
1774510489,0,0,0,0
1774510490,0,0,0,0
1774510491,0,0,0,0
1774510492,0,0,0,0
1774510493,0,0,0,0
1774510494,0,0,0,0
1774510495,0,0,0,0
1774510496,0,0,0,0
1774510497,0,0,0,0
1774510498,0,0,0,0
1774510499,0,0,0,0
1774510500,0,0,0,0
1774510501,0,0,0,0
1774510503,0,0,0,0
1774510504,0,0,0,0
1774510505,0,0,0,0
1774510506,0,0,0,0
1774510507,0,0,0,0
1774510508,0,0,0,0
1774510509,0,0,0,0
1774510510,0,0,0,0
1774510511,0,0,0,0
1774510512,0,0,0,0
1774510513,0,0,0,0
1774510514,0,0,0,0
1774510515,0,0,0,0
1774510516,0,0,0,0
1774510517,0,0,0,0
1774510518,0,0,0,0
1774510519,0,0,0,0
1774510520,0,0,0,0
1774510521,0,0,0,0
1774510522,0,0,0,0
1774510523,0,0,0,0
1774510524,0,0,0,0
1774510525,0,0,0,0
1774510526,0,0,0,0
1774510527,0,0,0,0
1774510528,0,0,0,0
1774510529,0,0,0,0
1774510530,0,0,0,0
1774510531,0,0,0,0
1774510532,0,0,0,0
1774510533,0,0,0,0
1774510534,0,0,0,0
1774510535,0,0,0,0
1774510536,0,0,0,0
1774510537,0,0,0,0
1774510538,0,0,0,0
1774510539,0,0,0,0
1774510540,0,0,0,0
1774510541,0,0,0,0
1774510542,0,0,0,0
1774510543,0,0,0,0
1774510544,0,0,0,0
1774510545,0,0,0,0
1774510546,0,0,0,0
1774510547,0,0,0,0
1774510548,0,0,0,0
1774510549,0,0,0,0
1774510551,0,0,0,0
1774510552,0,0,0,0
1774510553,0,0,0,0
1774510554,0,0,0,0
1774510555,0,0,0,0
1774510556,0,0,0,0
1774510557,0,0,0,0
1774510558,0,0,0,0
1774510559,0,0,0,0
1774510560,0,0,0,0
1774510561,0,0,0,0
1774510562,0,0,0,0
1774510563,0,0,0,0
1774510564,0,0,0,0
1774510565,0,0,0,0
1774510566,0,0,0,0
1774510567,0,0,0,0
1774510568,0,0,0,0
1774510569,0,0,0,0
1774510570,0,0,0,0
1774510571,0,0,0,0
1774510572,0,0,0,0
1774510573,0,0,0,0
1774510574,0,0,0,0
1774510575,0,0,0,0
1774510576,0,0,0,0
1774510577,0,0,0,0
1774510578,0,0,0,0
1774510579,0,0,0,0
1774510580,0,0,0,0
1774510581,0,0,0,0
1774510582,0,0,0,0
1774510583,0,0,0,0
1774510584,0,0,0,0
1774510585,0,0,0,0
1774510586,0,0,0,0
1774510587,0,0,0,0
1774510588,0,0,0,0
1774510589,0,0,0,0
1774510590,0,0,0,0
1774510591,0,0,0,0
1774510592,0,0,0,0
1774510593,0,0,0,0
1774510594,0,0,0,0
1774510595,0,0,0,0
1774510596,0,0,0,0
1774510597,0,0,0,0
1774510598,0,0,0,0
1774510599,0,0,0,0
1774510601,0,0,0,0
1774510602,0,0,0,0
1774510603,0,0,0,0
1774510604,0,0,0,0
1774510605,0,0,0,0
1774510606,0,0,0,0
1774510607,0,0,0,0
1774510608,0,0,0,0
1774510609,0,0,0,0
1774510610,0,0,0,0
1774510611,0,0,0,0
1774510612,0,0,0,0
1774510613,0,0,0,0
1774510614,0,0,0,0
1774510615,0,0,0,0
1774510616,0,0,0,0
1774510617,0,0,0,0
1774510618,0,0,0,0
1774510619,0,0,0,0
1774510620,0,0,0,0
1774510621,0,0,0,0
1774510622,0,0,0,0
1774510623,0,0,0,0
1774510624,0,0,0,0
1774510625,0,0,0,0
1774510626,0,0,0,0
1774510627,0,0,0,0
1774510628,0,0,0,0
1774510629,0,0,0,0
1774510630,0,0,0,0
1774510631,0,0,0,0
1774510632,0,0,0,0
1774510633,0,0,0,0
1774510634,0,0,0,0
1774510635,0,0,0,0
1774510636,0,0,0,0
1774510637,0,0,0,0
1774510638,0,0,0,0
1774510639,0,0,0,0
1774510640,0,0,0,0
1774510641,0,0,0,0
1774510642,0,0,0,0
1774510643,0,0,0,0
1774510644,0,0,0,0
1774510645,0,0,0,0
1774510646,0,0,0,0
1774510647,0,0,0,0
1774510648,0,0,0,0
1774510649,0,0,0,0
1774510650,0,0,0,0
1774510652,0,0,0,0
1774510653,0,0,0,0
1774510654,0,0,0,0
1774510655,0,0,0,0
1774510656,0,0,0,0
1774510657,0,0,0,0
1774510658,0,0,0,0
1774510659,0,0,0,0
1774510660,0,0,0,0
1774510661,0,0,0,0
1774510662,0,0,0,0
1774510663,0,0,0,0
1774510664,0,0,0,0
1774510665,0,0,0,0
1774510666,0,0,0,0
1774510667,0,0,0,0
1774510668,0,0,0,0
1774510669,0,0,0,0
1774510670,0,0,0,0
1774510671,0,0,0,0
1774510672,0,0,0,0
1774510673,0,0,0,0
1774510674,0,0,0,0
1774510675,0,0,0,0
1774510676,0,0,0,0
1774510677,0,0,0,0
1774510678,0,0,0,0
1774510679,0,0,0,0
1774510680,0,0,0,0
1774510681,0,0,0,0
1774510682,0,0,0,0
1774510683,0,0,0,0
1774510684,0,0,0,0
1774510685,0,0,0,0
1774510686,0,0,0,0
1774510687,0,0,0,0
1774510688,0,0,0,0
1774510689,0,0,0,0
1774510690,0,0,0,0
1774510691,0,0,0,0
1774510692,0,0,0,0
1774510694,0,0,0,0
1774510695,0,0,0,0
1774510696,0,0,0,0
1774510697,0,0,0,0
1774510698,0,0,0,0
1774510699,0,0,0,0
1774510700,0,0,0,0
1774510701,0,0,0,0
1774510702,0,0,0,0
1774510703,0,0,0,0
1774510704,0,0,0,0
1774510705,0,0,0,0
1774510706,0,0,0,0
1774510707,0,0,0,0
1774510708,0,0,0,0
1774510709,0,0,0,0
1774510710,0,0,0,0
1774510711,0,0,0,0
1774510712,0,0,0,0
1774510713,0,0,0,0
1774510714,0,0,0,0
1774510715,0,0,0,0
1774510716,0,0,0,0
1774510717,0,0,0,0
1774510718,0,0,0,0
1774510719,0,0,0,0
1774510720,0,0,0,0
1774510721,0,0,0,0
1774510722,0,0,0,0
1774510723,0,0,0,0
1774510724,0,0,0,0
1774510725,0,0,0,0
1774510726,0,0,0,0
1774510727,0,0,0,0
1774510728,0,0,0,0
1774510729,0,0,0,0
1774510730,0,0,0,0
1774510731,0,0,0,0
1774510732,0,0,0,0
1774510733,0,0,0,0
1774510734,0,0,0,0
1774510735,0,0,0,0
1774510736,0,0,0,0
1774510738,0,0,0,0
1774510739,0,0,0,0
1774510740,0,0,0,0
1774510741,0,0,0,0
1774510742,0,0,0,0
1774510743,0,0,0,0
1774510744,0,0,0,0
1774510745,0,0,0,0
1774510746,0,0,0,0
1774510747,0,0,0,0
1774510748,0,0,0,0
1774510749,0,0,0,0
1774510750,0,0,0,0
1774510751,0,0,0,0
1774510752,0,0,0,0
1774510753,0,0,0,0
1774510754,0,0,0,0
1774510755,0,0,0,0
1774510756,0,0,0,0
1774510757,0,0,0,0
1774510758,0,0,0,0
1774510759,0,0,0,0
1774510760,0,0,0,0
1774510761,0,0,0,0
1774510762,0,0,0,0
1774510763,0,0,0,0
1774510764,0,0,0,0
1774510765,0,0,0,0
1774510766,0,0,0,0
1774510767,0,0,0,0
1774510768,0,0,0,0
1774510769,0,0,0,0
1774510770,0,0,0,0
1774510771,0,0,0,0
1774510772,0,0,0,0
1774510773,0,0,0,0
1774510774,0,0,0,0
1774510775,0,0,0,0
1774510776,0,0,0,0
1774510777,0,0,0,0
1774510778,0,0,0,0
1774510779,0,0,0,0
1774510781,0,0,0,0
1774510782,0,0,0,0
1774510783,0,0,0,0
1774510784,0,0,0,0
1774510785,0,0,0,0
1774510786,0,0,0,0
1774510787,0,0,0,0
1774510788,0,0,0,0
1774510789,0,0,0,0
1774510790,0,0,0,0
1774510791,0,0,0,0
1774510792,0,0,0,0
1774510793,0,0,0,0
1774510794,0,0,0,0
1774510795,0,0,0,0
1774510796,0,0,0,0
1774510797,0,0,0,0
1774510798,0,0,0,0
1774510799,0,0,0,0
1774510800,0,0,0,0
1774510801,0,0,0,0
1774510802,0,0,0,0
1774510803,0,0,0,0
1774510804,0,0,0,0
1774510805,0,0,0,0
1774510806,0,0,0,0
1774510807,0,0,0,0
1774510808,0,0,0,0
1774510809,0,0,0,0
1774510810,0,0,0,0
1774510811,0,0,0,0
1774510812,0,0,0,0
1774510813,0,0,0,0
1774510814,0,0,0,0
1774510815,0,0,0,0
1774510816,0,0,0,0
1774510817,0,0,0,0
1774510818,0,0,0,0
1774510819,0,0,0,0
1774510820,0,0,0,0
1774510821,0,0,0,0
1774510822,0,0,0,0
1774510824,0,0,0,0
1774510825,0,0,0,0
1774510826,0,0,0,0
1774510827,0,0,0,0
1774510828,0,0,0,0
1774510829,0,0,0,0
1774510830,0,0,0,0
1774510831,0,0,0,0
1774510832,0,0,0,0
1774510833,0,0,0,0
1774510834,0,0,0,0
1774510835,0,0,0,0
1774510836,0,0,0,0
1774510837,0,0,0,0
1774510838,0,0,0,0
1774510839,0,0,0,0
1774510840,0,0,0,0
1774510841,0,0,0,0
1774510842,0,0,0,0
1774510843,0,0,0,0
1774510844,0,0,0,0
1774510845,0,0,0,0
1774510846,0,0,0,0
1774510847,0,0,0,0
1774510848,0,0,0,0
1774510849,0,0,0,0
1774510850,0,0,0,0
1774510851,0,0,0,0
1774510852,0,0,0,0
1774510853,0,0,0,0
1774510854,0,0,0,0
1774510855,0,0,0,0
1774510856,0,0,0,0
1774510857,0,0,0,0
1774510858,0,0,0,0
1774510859,0,0,0,0
1774510860,0,0,0,0
1774510861,0,0,0,0
1774510862,0,0,0,0
1774510863,0,0,0,0
1774510864,0,0,0,0
1774510865,0,0,0,0
1774510866,0,0,0,0
1774510867,0,0,0,0
1774510868,0,0,0,0
1774510870,0,0,0,0
1774510871,0,0,0,0
1774510872,0,0,0,0
1774510873,0,0,0,0
1774510874,0,0,0,0
1774510875,0,0,0,0
1774510876,0,0,0,0
1774510877,0,0,0,0
1774510878,0,0,0,0
1774510879,0,0,0,0
1774510880,0,0,0,0
1774510881,0,0,0,0
1774510882,0,0,0,0
1774510883,0,0,0,0
1774510884,0,0,0,0
1774510885,0,0,0,0
1774510886,0,0,0,0
1774510887,0,0,0,0
1774510888,0,0,0,0
1774510889,0,0,0,0
1774510890,0,0,0,0
1774510891,0,0,0,0
1774510892,0,0,0,0
1774510893,0,0,0,0
1774510894,0,0,0,0
1774510895,0,0,0,0
1774510896,0,0,0,0
1774510897,0,0,0,0
1774510898,0,0,0,0
1774510899,0,0,0,0
1774510900,0,0,0,0
1774510901,0,0,0,0
1774510902,0,0,0,0
1774510903,0,0,0,0
1774510904,0,0,0,0
1774510905,0,0,0,0
1774510906,0,0,0,0
1774510907,0,0,0,0
1774510908,0,0,0,0
1774510909,0,0,0,0
1774510910,0,0,0,0
1774510911,0,0,0,0
1774510912,0,0,0,0
1774510913,0,0,0,0
1774510915,0,0,0,0
1774510916,0,0,0,0
1774510917,0,0,0,0
1774510918,0,0,0,0
1774510919,0,0,0,0
1774510920,0,0,0,0
1774510921,0,0,0,0
1774510922,0,0,0,0
1774510923,0,0,0,0
1774510924,0,0,0,0
1774510925,0,0,0,0
1774510926,0,0,0,0
1774510927,0,0,0,0
1774510928,0,0,0,0
1774510929,0,0,0,0
1774510930,0,0,0,0
1774510931,0,0,0,0
1774510932,0,0,0,0
1774510933,0,0,0,0
1774510934,0,0,0,0
1774510935,0,0,0,0
1774510936,0,0,0,0
1774510937,0,0,0,0
1774510938,0,0,0,0
1774510939,0,0,0,0
1774510940,0,0,0,0
1774510941,0,0,0,0
1774510942,0,0,0,0
1774510943,0,0,0,0
1774510944,0,0,0,0
1774510945,0,0,0,0
1774510946,0,0,0,0
1774510947,0,0,0,0
1774510948,0,0,0,0
1774510949,0,0,0,0
1774510950,0,0,0,0
1774510951,0,0,0,0
1774510952,0,0,0,0
1774510953,0,0,0,0
1774510954,0,0,0,0
1774510955,0,0,0,0
1774510956,0,0,0,0
1774510957,0,0,0,0
1774510958,0,0,0,0
1774510959,0,0,0,0
1774510960,0,0,0,0
1774510962,0,0,0,0
1774510963,0,0,0,0
1774510964,0,0,0,0
1774510965,0,0,0,0
1774510966,0,0,0,0
1774510967,0,0,0,0
1774510968,0,0,0,0
1774510969,0,0,0,0
1774510970,0,0,0,0
1774510971,0,0,0,0
1774510972,0,0,0,0
1774510973,0,0,0,0
1774510974,0,0,0,0
1774510975,0,0,0,0
1774510976,0,0,0,0
1774510977,0,0,0,0
1774510978,0,0,0,0
1774510979,0,0,0,0
1774510980,0,0,0,0
1774510981,0,0,0,0
1774510982,0,0,0,0
1774510983,0,0,0,0
1774510984,0,0,0,0
1774510985,0,0,0,0
1774510986,0,0,0,0
1774510987,0,0,0,0
1774510988,0,0,0,0
1774510989,0,0,0,0
1774510990,0,0,0,0
1774510991,0,0,0,0
1774510992,0,0,0,0
1774510993,0,0,0,0
1774510994,0,0,0,0
1774510995,0,0,0,0
1774510996,0,0,0,0
1774510997,0,0,0,0
1774510998,0,0,0,0
1774510999,0,0,0,0
1774511000,0,0,0,0
1774511001,0,0,0,0
1774511002,0,0,0,0
1774511003,0,0,0,0
1774511004,0,0,0,0
1774511005,0,0,0,0
1774511006,0,0,0,0
1774511007,0,0,0,0
1774511008,0,0,0,0
1774511009,0,0,0,0
1774511010,0,0,0,0
1774511012,0,0,0,0
1774511013,0,0,0,0
1774511014,0,0,0,0
1774511015,0,0,0,0
1774511016,0,0,0,0
1774511017,0,0,0,0
1774511018,0,0,0,0
1774511019,0,0,0,0
1774511020,0,0,0,0
1774511021,0,0,0,0
1774511022,0,0,0,0
1774511023,0,0,0,0
1774511024,0,0,0,0
1774511025,0,0,0,0
1774511026,0,0,0,0
1774511027,0,0,0,0
1774511028,0,0,0,0
1774511029,0,0,0,0
1774511030,0,0,0,0
1774511031,0,0,0,0
1774511032,0,0,0,0
1774511033,0,0,0,0
1774511034,0,0,0,0
1774511035,0,0,0,0
1774511036,0,0,0,0
1774511037,0,0,0,0
1774511038,0,0,0,0
1774511039,0,0,0,0
1774511040,0,0,0,0
1774511041,0,0,0,0
1774511042,0,0,0,0
1774511043,0,0,0,0
1774511044,0,0,0,0
1774511045,0,0,0,0
1774511046,0,0,0,0
1774511047,0,0,0,0
1774511048,0,0,0,0
1774511049,0,0,0,0
1774511050,0,0,0,0
1774511051,0,0,0,0
1774511052,0,0,0,0
1774511054,0,0,0,0
1774511055,0,0,0,0
1774511056,0,0,0,0
1774511057,0,0,0,0
1774511058,0,0,0,0
1774511059,0,0,0,0
1774511060,0,0,0,0
1774511061,0,0,0,0
1774511062,0,0,0,0
1774511063,0,0,0,0
1774511064,0,0,0,0
1774511065,0,0,0,0
1774511066,0,0,0,0
1774511067,0,0,0,0
1774511068,0,0,0,0
1774511069,0,0,0,0
1774511070,0,0,0,0
1774511071,0,0,0,0
1774511072,0,0,0,0
1774511073,0,0,0,0
1774511074,0,0,0,0
1774511075,0,0,0,0
1774511076,0,0,0,0
1774511077,0,0,0,0
1774511078,0,0,0,0
1774511079,0,0,0,0
1774511080,0,0,0,0
1774511081,0,0,0,0
1774511082,0,0,0,0
1774511083,0,0,0,0
1774511084,0,0,0,0
1774511085,0,0,0,0
1774511086,0,0,0,0
1774511087,0,0,0,0
1774511088,0,0,0,0
1774511089,0,0,0,0
1774511090,0,0,0,0
1774511091,0,0,0,0
1774511092,0,0,0,0
1774511093,0,0,0,0
1774511094,0,0,0,0
1774511095,0,0,0,0
1774511096,0,0,0,0
1774511097,0,0,0,0
1774511098,0,0,0,0
1774511099,0,0,0,0
1774511100,0,0,0,0
1774511101,0,0,0,0
1774511102,0,0,0,0
1774511103,0,0,0,0
1774511105,0,0,0,0
1774511106,0,0,0,0
1774511107,0,0,0,0
1774511108,0,0,0,0
1774511109,0,0,0,0
1774511110,0,0,0,0
1774511111,0,0,0,0
1774511112,0,0,0,0
1774511113,0,0,0,0
1774511114,0,0,0,0
1774511115,0,0,0,0
1774511116,0,0,0,0
1774511117,0,0,0,0
1774511118,0,0,0,0
1774511119,0,0,0,0
1774511120,0,0,0,0
1774511121,0,0,0,0
1774511122,0,0,0,0
1774511123,0,0,0,0
1774511124,0,0,0,0
1774511125,0,0,0,0
1774511126,0,0,0,0
1774511127,0,0,0,0
1774511128,0,0,0,0
1774511129,0,0,0,0
1774511130,0,0,0,0
1774511131,0,0,0,0
1774511132,0,0,0,0
1774511133,0,0,0,0
1774511134,0,0,0,0
1774511135,0,0,0,0
1774511136,0,0,0,0
1774511137,0,0,0,0
1774511138,0,0,0,0
1774511139,0,0,0,0
1774511140,0,0,0,0
1774511141,0,0,0,0
1774511142,0,0,0,0
1774511143,0,0,0,0
1774511144,0,0,0,0
1774511145,0,0,0,0
1774511146,0,0,0,0
1774511147,0,0,0,0
1774511148,0,0,0,0
1774511149,0,0,0,0
1774511150,0,0,0,0
1774511151,0,0,0,0
1774511152,0,0,0,0
1774511154,0,0,0,0
1774511155,0,0,0,0
1774511156,0,0,0,0
1774511157,0,0,0,0
1774511158,0,0,0,0
1774511159,0,0,0,0
1774511160,0,0,0,0
1774511161,0,0,0,0
1774511162,0,0,0,0
1774511163,0,0,0,0
1774511164,0,0,0,0
1774511165,0,0,0,0
1774511166,0,0,0,0
1774511167,0,0,0,0
1774511168,0,0,0,0
1774511169,0,0,0,0
1774511170,0,0,0,0
1774511171,0,0,0,0
1774511172,0,0,0,0
1774511173,0,0,0,0
1774511174,0,0,0,0
1774511175,0,0,0,0
1774511176,0,0,0,0
1774511177,0,0,0,0
1774511178,0,0,0,0
1774511179,0,0,0,0
1774511180,0,0,0,0
1774511181,0,0,0,0
1774511182,0,0,0,0
1774511183,0,0,0,0
1774511184,0,0,0,0
1774511185,0,0,0,0
1774511186,0,0,0,0
1774511187,0,0,0,0
1774511188,0,0,0,0
1774511189,0,0,0,0
1774511190,0,0,0,0
1774511191,0,0,0,0
1774511192,0,0,0,0
1774511193,0,0,0,0
1774511194,0,0,0,0
1774511195,0,0,0,0
1774511196,0,0,0,0
1774511197,0,0,0,0
1774511198,0,0,0,0
1774511199,0,0,0,0
1774511200,0,0,0,0
1774511201,0,0,0,0
1774511202,0,0,0,0
1774511203,0,0,0,0
1774511204,0,0,0,0
1774511205,0,0,0,0
1774511206,0,0,0,0
1774511208,0,0,0,0
1774511209,0,0,0,0
1774511210,0,0,0,0
1774511211,0,0,0,0
1774511212,0,0,0,0
1774511213,0,0,0,0
1774511214,0,0,0,0
1774511215,0,0,0,0
1774511216,0,0,0,0
1774511217,0,0,0,0
1774511218,0,0,0,0
1774511219,0,0,0,0
1774511220,0,0,0,0
1774511221,0,0,0,0
1774511222,0,0,0,0
1774511223,0,0,0,0
1774511224,0,0,0,0
1774511225,0,0,0,0
1774511226,0,0,0,0
1774511227,0,0,0,0
1774511228,0,0,0,0
1774511229,0,0,0,0
1774511230,0,0,0,0
1774511231,0,0,0,0
1774511232,0,0,0,0
1774511233,0,0,0,0
1774511234,0,0,0,0
1774511235,0,0,0,0
1774511236,0,0,0,0
1774511237,0,0,0,0
1774511238,0,0,0,0
1774511239,0,0,0,0
1774511240,0,0,0,0
1774511241,0,0,0,0
1774511242,0,0,0,0
1774511243,0,0,0,0
1774511244,0,0,0,0
1774511245,0,0,0,0
1774511246,0,0,0,0
1774511247,0,0,0,0
1774511248,0,0,0,0
1774511249,0,0,0,0
1774511250,0,0,0,0
1774511251,0,0,0,0
1774511252,0,0,0,0
1774511253,0,0,0,0
1774511254,0,0,0,0
1774511255,0,0,0,0
1774511256,0,0,0,0
1774511257,0,0,0,0
1774511258,0,0,0,0
1774511259,0,0,0,0
1774511260,0,0,0,0
1774511261,0,0,0,0
1774511262,0,0,0,0
1774511263,0,0,0,0
1774511264,0,0,0,0
1774511265,0,0,0,0
1774511266,0,0,0,0
1774511268,0,0,0,0
1774511269,0,0,0,0
1774511270,0,0,0,0
1774511271,0,0,0,0
1774511272,0,0,0,0
1774511273,0,0,0,0
1774511274,0,0,0,0
1774511275,0,0,0,0
1774511276,0,0,0,0
1774511277,0,0,0,0
1774511278,0,0,0,0
1774511279,0,0,0,0
1774511280,0,0,0,0
1774511281,0,0,0,0
1774511282,0,0,0,0
1774511283,0,0,0,0
1774511284,0,0,0,0
1774511285,0,0,0,0
1774511286,0,0,0,0
1774511287,0,0,0,0
1774511288,0,0,0,0
1774511289,0,0,0,0
1774511290,0,0,0,0
1774511291,0,0,0,0
1774511292,0,0,0,0
1774511293,0,0,0,0
1774511294,0,0,0,0
1774511295,0,0,0,0
1774511296,0,0,0,0
1774511297,0,0,0,0
1774511298,0,0,0,0
1774511299,0,0,0,0
1774511300,0,0,0,0
1774511301,0,0,0,0
1774511302,0,0,0,0
1774511303,0,0,0,0
1774511304,0,0,0,0
1774511305,0,0,0,0
1774511306,0,0,0,0
1774511307,0,0,0,0
1774511308,0,0,0,0
1774511309,0,0,0,0
1774511310,0,0,0,0
1774511311,0,0,0,0
1774511312,0,0,0,0
1774511313,0,0,0,0
1774511314,0,0,0,0
1774511315,0,0,0,0
1774511316,0,0,0,0
1774511317,0,0,0,0
1774511318,0,0,0,0
1774511319,0,0,0,0
1774511320,0,0,0,0
1774511321,0,0,0,0
1774511323,0,0,0,0
1774511324,0,0,0,0
1774511325,0,0,0,0
1774511326,0,0,0,0
1774511327,0,0,0,0
1774511328,0,0,0,0
1774511329,0,0,0,0
1774511330,0,0,0,0
1774511331,0,0,0,0
1774511332,0,0,0,0
1774511333,0,0,0,0
1774511334,0,0,0,0
1774511335,0,0,0,0
1774511336,0,0,0,0
1774511337,0,0,0,0
1774511338,0,0,0,0
1774511339,0,0,0,0
1774511340,0,0,0,0
1774511341,0,0,0,0
1774511342,0,0,0,0
1774511343,0,0,0,0
1774511344,0,0,0,0
1774511345,0,0,0,0
1774511346,0,0,0,0
1774511347,0,0,0,0
1774511348,0,0,0,0
1774511349,0,0,0,0
1774511350,0,0,0,0
1774511351,0,0,0,0
1774511352,0,0,0,0
1774511353,0,0,0,0
1774511354,0,0,0,0
1774511355,0,0,0,0
1774511356,0,0,0,0
1774511357,0,0,0,0
1774511358,0,0,0,0
1774511359,0,0,0,0
1774511360,0,0,0,0
1774511361,0,0,0,0
1774511362,0,0,0,0
1774511363,0,0,0,0
1774511364,0,0,0,0
1774511365,0,0,0,0
1774511366,0,0,0,0
1774511367,0,0,0,0
1774511368,0,0,0,0
1774511369,0,0,0,0
1774511370,0,0,0,0
1774511371,0,0,0,0
1774511372,0,0,0,0
1774511373,0,0,0,0
1774511374,0,0,0,0
1774511375,0,0,0,0
1774511377,0,0,0,0
1774511378,0,0,0,0
1774511379,0,0,0,0
1774511380,0,0,0,0
1774511381,0,0,0,0
1774511382,0,0,0,0
1774511383,0,0,0,0
1774511384,0,0,0,0
1774511385,0,0,0,0
1774511386,0,0,0,0
1774511387,0,0,0,0
1774511388,0,0,0,0
1774511389,0,0,0,0
1774511390,0,0,0,0
1774511391,0,0,0,0
1774511392,0,0,0,0
1774511393,0,0,0,0
1774511394,0,0,0,0
1774511395,0,0,0,0
1774511396,0,0,0,0
1774511397,0,0,0,0
1774511398,0,0,0,0
1774511399,0,0,0,0
1774511400,0,0,0,0
1774511401,0,0,0,0
1774511402,0,0,0,0
1774511403,0,0,0,0
1774511404,0,0,0,0
1774511405,0,0,0,0
1774511406,0,0,0,0
1774511407,0,0,0,0
1774511408,0,0,0,0
1774511409,0,0,0,0
1774511410,0,0,0,0
1774511411,0,0,0,0
1774511412,0,0,0,0
1774511413,0,0,0,0
1774511414,0,0,0,0
1774511415,0,0,0,0
1774511416,0,0,0,0
1774511417,0,0,0,0
1774511418,0,0,0,0
1774511419,0,0,0,0
1774511420,0,0,0,0
1774511421,0,0,0,0
1774511422,0,0,0,0
1774511423,0,0,0,0
1774511424,0,0,0,0
1774511426,0,0,0,0
1774511427,0,0,0,0
1774511428,0,0,0,0
1774511429,0,0,0,0
1774511430,0,0,0,0
1774511431,0,0,0,0
1774511432,0,0,0,0
1774511433,0,0,0,0
1774511434,0,0,0,0
1774511435,0,0,0,0
1774511436,0,0,0,0
1774511437,0,0,0,0
1774511438,0,0,0,0
1774511439,0,0,0,0
1774511440,0,0,0,0
1774511441,0,0,0,0
1774511442,0,0,0,0
1774511443,0,0,0,0
1774511444,0,0,0,0
1774511445,0,0,0,0
1774511446,0,0,0,0
1774511447,0,0,0,0
1774511448,0,0,0,0
1774511449,0,0,0,0
1774511450,0,0,0,0
1774511451,0,0,0,0
1774511452,0,0,0,0
1774511453,0,0,0,0
1774511454,0,0,0,0
1774511455,0,0,0,0
1774511456,0,0,0,0
1774511457,0,0,0,0
1774511458,0,0,0,0
1774511459,0,0,0,0
1774511460,0,0,0,0
1774511461,0,0,0,0
1774511462,0,0,0,0
1774511463,0,0,0,0
1774511464,0,0,0,0
1774511465,0,0,0,0
1774511466,0,0,0,0
1774511467,0,0,0,0
1774511468,0,0,0,0
1774511469,0,0,0,0
1774511470,0,0,0,0
1774511471,0,0,0,0
1774511472,0,0,0,0
1774511473,0,0,0,0
1774511474,0,0,0,0
1774511475,0,0,0,0
1774511476,0,0,0,0
1774511477,0,0,0,0
1774511478,0,0,0,0
1774511479,0,0,0,0
1774511481,0,0,0,0
1774511482,0,0,0,0
1774511483,0,0,0,0
1774511484,0,0,0,0
1774511485,0,0,0,0
1774511486,0,0,0,0
1774511487,0,0,0,0
1774511488,0,0,0,0
1774511489,0,0,0,0
1774511490,0,0,0,0
1774511491,0,0,0,0
1774511492,0,0,0,0
1774511493,0,0,0,0
1774511494,0,0,0,0
1774511495,0,0,0,0
1774511496,0,0,0,0
1774511497,0,0,0,0
1774511498,0,0,0,0
1774511499,0,0,0,0
1774511500,0,0,0,0
1774511501,0,0,0,0
1774511502,0,0,0,0
1774511503,0,0,0,0
1774511504,0,0,0,0
1774511505,0,0,0,0
1774511506,0,0,0,0
1774511507,0,0,0,0
1774511508,0,0,0,0
1774511509,0,0,0,0
1774511510,0,0,0,0
1774511511,0,0,0,0
1774511512,0,0,0,0
1774511513,0,0,0,0
1774511514,0,0,0,0
1774511515,0,0,0,0
1774511516,0,0,0,0
1774511517,0,0,0,0
1774511518,0,0,0,0
1774511519,0,0,0,0
1774511520,0,0,0,0
1774511521,0,0,0,0
1774511522,0,0,0,0
1774511523,0,0,0,0
1774511524,0,0,0,0
1774511525,0,0,0,0
1774511526,0,0,0,0
1774511527,0,0,0,0
1774511528,0,0,0,0
1774511529,0,0,0,0
1774511530,0,0,0,0
1774511531,0,0,0,0
1774511532,0,0,0,0
1774511533,0,0,0,0
1774511534,0,0,0,0
1774511536,0,0,0,0
1774511537,0,0,0,0
1774511538,0,0,0,0
1774511539,0,0,0,0
1774511540,0,0,0,0
1774511541,0,0,0,0
1774511542,0,0,0,0
1774511543,0,0,0,0
1774511544,0,0,0,0
1774511545,0,0,0,0
1774511546,0,0,0,0
1774511547,0,0,0,0
1774511548,0,0,0,0
1774511549,0,0,0,0
1774511550,0,0,0,0
1774511551,0,0,0,0
1774511552,0,0,0,0
1774511553,0,0,0,0
1774511554,0,0,0,0
1774511555,0,0,0,0
1774511556,0,0,0,0
1774511557,0,0,0,0
1774511558,0,0,0,0
1774511559,0,0,0,0
1774511560,0,0,0,0
1774511561,0,0,0,0
1774511562,0,0,0,0
1774511563,0,0,0,0
1774511564,0,0,0,0
1774511565,0,0,0,0
1774511566,0,0,0,0
1774511567,0,0,0,0
1774511568,0,0,0,0
1774511569,0,0,0,0
1774511570,0,0,0,0
1774511571,0,0,0,0
1774511572,0,0,0,0
1774511573,0,0,0,0
1774511574,0,0,0,0
1774511575,0,0,0,0
1774511576,0,0,0,0
1774511577,0,0,0,0
1774511578,0,0,0,0
1774511579,0,0,0,0
1774511580,0,0,0,0
1774511581,0,0,0,0
1774511582,0,0,0,0
1774511583,0,0,0,0
1774511584,0,0,0,0
1774511585,0,0,0,0
1774511587,0,0,0,0
1774511588,0,0,0,0
1774511589,0,0,0,0
1774511590,0,0,0,0
1774511591,0,0,0,0
1774511592,0,0,0,0
1774511593,0,0,0,0
1774511594,0,0,0,0
1774511595,0,0,0,0
1774511596,0,0,0,0
1774511597,0,0,0,0
1774511598,0,0,0,0
1774511599,0,0,0,0
1774511600,0,0,0,0
1774511601,0,0,0,0
1774511602,0,0,0,0
1774511603,0,0,0,0
1774511604,0,0,0,0
1774511605,0,0,0,0
1774511606,0,0,0,0
1774511607,0,0,0,0
1774511608,0,0,0,0
1774511609,0,0,0,0
1774511610,0,0,0,0
1774511611,0,0,0,0
1774511612,0,0,0,0
1774511613,0,0,0,0
1774511614,0,0,0,0
1774511615,0,0,0,0
1774511616,0,0,0,0
1774511617,0,0,0,0
1774511618,0,0,0,0
1774511619,0,0,0,0
1774511620,0,0,0,0
1774511621,0,0,0,0
1774511622,0,0,0,0
1774511623,0,0,0,0
1774511624,0,0,0,0
1774511625,0,0,0,0
1774511626,0,0,0,0
1774511627,0,0,0,0
1774511628,0,0,0,0
1774511629,0,0,0,0
1774511630,0,0,0,0
1774511631,0,0,0,0
1774511632,0,0,0,0
1774511633,0,0,0,0
1774511634,0,0,0,0
1774511635,0,0,0,0
1774511637,0,0,0,0
1774511638,0,0,0,0
1774511639,0,0,0,0
1774511640,0,0,0,0
1774511641,0,0,0,0
1774511642,0,0,0,0
1774511643,0,0,0,0
1774511644,0,0,0,0
1774511645,0,0,0,0
1774511646,0,0,0,0
1774511647,0,0,0,0
1774511648,0,0,0,0
1774511649,0,0,0,0
1774511650,0,0,0,0
1774511651,0,0,0,0
1774511652,0,0,0,0
1774511653,0,0,0,0
1774511654,0,0,0,0
1774511655,0,0,0,0
1774511656,0,0,0,0
1774511657,0,0,0,0
1774511658,0,0,0,0
1774511659,0,0,0,0
1774511660,0,0,0,0
1774511661,0,0,0,0
1774511662,0,0,0,0
1774511663,0,0,0,0
1774511664,0,0,0,0
1774511665,0,0,0,0
1774511666,0,0,0,0
1774511667,0,0,0,0
1774511668,0,0,0,0
1774511669,0,0,0,0
1774511670,0,0,0,0
1774511671,0,0,0,0
1774511672,0,0,0,0
1774511673,0,0,0,0
1774511674,0,0,0,0
1774511675,0,0,0,0
1774511676,0,0,0,0
1774511677,0,0,0,0
1774511678,0,0,0,0
1774511679,0,0,0,0
1774511680,0,0,0,0
1774511681,0,0,0,0
1774511682,0,0,0,0
1774511683,0,0,0,0
1774511684,0,0,0,0
1774511685,0,0,0,0
1774511686,0,0,0,0
1774511688,0,0,0,0
1774511689,0,0,0,0
1774511690,0,0,0,0
1774511691,0,0,0,0
1774511692,0,0,0,0
1774511693,0,0,0,0
1774511694,0,0,0,0
1774511695,0,0,0,0
1774511696,0,0,0,0
1774511697,0,0,0,0
1774511698,0,0,0,0
1774511699,0,0,0,0
1774511700,0,0,0,0
1774511701,0,0,0,0
1774511702,0,0,0,0
1774511703,0,0,0,0
1774511704,0,0,0,0
1774511705,0,0,0,0
1774511706,0,0,0,0
1774511707,0,0,0,0
1774511708,0,0,0,0
1774511709,0,0,0,0
1774511710,0,0,0,0
1774511711,0,0,0,0
1774511712,0,0,0,0
1774511713,0,0,0,0
1774511714,0,0,0,0
1774511715,0,0,0,0
1774511716,0,0,0,0
1774511717,0,0,0,0
1774511718,0,0,0,0
1774511719,0,0,0,0
1774511720,0,0,0,0
1774511721,0,0,0,0
1774511722,0,0,0,0
1774511723,0,0,0,0
1774511724,0,0,0,0
1774511725,0,0,0,0
1774511726,0,0,0,0
1774511727,0,0,0,0
1774511728,0,0,0,0
1774511729,0,0,0,0
1774511730,0,0,0,0
1774511731,0,0,0,0
1774511732,0,0,0,0
1774511733,0,0,0,0
1774511734,0,0,0,0
1774511735,0,0,0,0
1774511736,0,0,0,0
1774511737,0,0,0,0
1774511739,0,0,0,0
1774511740,0,0,0,0
1774511741,0,0,0,0
1774511742,0,0,0,0
1774511743,0,0,0,0
1774511744,0,0,0,0
1774511745,0,0,0,0
1774511746,0,0,0,0
1774511747,0,0,0,0
1774511748,0,0,0,0
1774511749,0,0,0,0
1774511750,0,0,0,0
1774511751,0,0,0,0
1774511752,0,0,0,0
1774511753,0,0,0,0
1774511754,0,0,0,0
1774511755,0,0,0,0
1774511756,0,0,0,0
1774511757,0,0,0,0
1774511758,0,0,0,0
1774511759,0,0,0,0
1774511760,0,0,0,0
1774511761,0,0,0,0
1774511762,0,0,0,0
1774511763,0,0,0,0
1774511764,0,0,0,0
1774511765,0,0,0,0
1774511766,0,0,0,0
1774511767,0,0,0,0
1774511768,0,0,0,0
1774511769,0,0,0,0
1774511770,0,0,0,0
1774511771,0,0,0,0
1774511772,0,0,0,0
1774511773,0,0,0,0
1774511774,0,0,0,0
1774511775,0,0,0,0
1774511776,0,0,0,0
1774511777,0,0,0,0
1774511778,0,0,0,0
1774511779,0,0,0,0
1774511780,0,0,0,0
1774511781,0,0,0,0
1774511782,0,0,0,0
1774511783,0,0,0,0
1774511784,0,0,0,0
1774511785,0,0,0,0
1774511787,0,0,0,0
1774511788,0,0,0,0
1774511789,0,0,0,0
1774511790,0,0,0,0
1774511791,0,0,0,0
1774511792,0,0,0,0
1774511793,0,0,0,0
1774511794,0,0,0,0
1774511795,0,0,0,0
1774511796,0,0,0,0
1774511797,0,0,0,0
1774511798,0,0,0,0
1774511799,0,0,0,0
1774511800,0,0,0,0
1774511801,0,0,0,0
1774511802,0,0,0,0
1774511803,0,0,0,0
1774511804,0,0,0,0
1774511805,0,0,0,0
1774511806,0,0,0,0
1774511807,0,0,0,0
1774511808,0,0,0,0
1774511809,0,0,0,0
1774511810,0,0,0,0
1774511811,0,0,0,0
1774511812,0,0,0,0
1774511813,0,0,0,0
1774511814,0,0,0,0
1774511815,0,0,0,0
1774511816,0,0,0,0
1774511817,0,0,0,0
1774511818,0,0,0,0
1774511819,0,0,0,0
1774511820,0,0,0,0
1774511821,0,0,0,0
1774511822,0,0,0,0
1774511823,0,0,0,0
1774511824,0,0,0,0
1774511825,0,0,0,0
1774511826,0,0,0,0
1774511827,0,0,0,0
1774511828,0,0,0,0
1774511829,0,0,0,0
1774511830,0,0,0,0
1774511831,0,0,0,0
1774511832,0,0,0,0
1774511833,0,0,0,0
1774511834,0,0,0,0
1774511835,0,0,0,0
1774511836,0,0,0,0
1774511837,0,0,0,0
1774511838,0,0,0,0
1774511839,0,0,0,0
1774511840,0,0,0,0
1774511841,0,0,0,0
1774511842,0,0,0,0
1774511843,0,0,0,0
1774511844,0,0,0,0
1774511845,0,0,0,0
1774511846,0,0,0,0
1774511848,0,0,0,0
1774511849,0,0,0,0
1774511850,0,0,0,0
1774511851,0,0,0,0
1774511852,0,0,0,0
1774511853,0,0,0,0
1774511854,0,0,0,0
1774511855,0,0,0,0
1774511856,0,0,0,0
1774511857,0,0,0,0
1774511858,0,0,0,0
1774511859,0,0,0,0
1774511860,0,0,0,0
1774511861,0,0,0,0
1774511862,0,0,0,0
1774511863,0,0,0,0
1774511864,0,0,0,0
1774511865,0,0,0,0
1774511866,0,0,0,0
1774511867,0,0,0,0
1774511868,0,0,0,0
1774511869,0,0,0,0
1774511870,0,0,0,0
1774511871,0,0,0,0
1774511872,0,0,0,0
1774511873,0,0,0,0
1774511874,0,0,0,0
1774511875,0,0,0,0
1774511876,0,0,0,0
1774511877,0,0,0,0
1774511878,0,0,0,0
1774511879,0,0,0,0
1774511880,0,0,0,0
1774511881,0,0,0,0
1774511882,0,0,0,0
1774511883,0,0,0,0
1774511884,0,0,0,0
1774511885,0,0,0,0
1774511886,0,0,0,0
1774511887,0,0,0,0
1774511888,0,0,0,0
1774511889,0,0,0,0
1774511890,0,0,0,0
1774511891,0,0,0,0
1774511892,0,0,0,0
1774511893,0,0,0,0
1774511894,0,0,0,0
1774511895,0,0,0,0
1774511896,0,0,0,0
1774511897,0,0,0,0
1774511898,0,0,0,0
1774511899,0,0,0,0
1774511901,0,0,0,0
1774511902,0,0,0,0
1774511903,0,0,0,0
1774511904,0,0,0,0
1774511905,0,0,0,0
1774511906,0,0,0,0
1774511907,0,0,0,0
1774511908,0,0,0,0
1774511909,0,0,0,0
1774511910,0,0,0,0
1774511911,0,0,0,0
1774511912,0,0,0,0
1774511913,0,0,0,0
1774511914,0,0,0,0
1774511915,0,0,0,0
1774511916,0,0,0,0
1774511917,0,0,0,0
1774511918,0,0,0,0
1774511919,0,0,0,0
1774511920,0,0,0,0
1774511921,0,0,0,0
1774511922,0,0,0,0
1774511923,0,0,0,0
1774511924,0,0,0,0
1774511925,0,0,0,0
1774511926,0,0,0,0
1774511927,0,0,0,0
1774511928,0,0,0,0
1774511929,0,0,0,0
1774511930,0,0,0,0
1774511931,0,0,0,0
1774511932,0,0,0,0
1774511933,0,0,0,0
1774511934,0,0,0,0
1774511935,0,0,0,0
1774511936,0,0,0,0
1774511937,0,0,0,0
1774511938,0,0,0,0
1774511939,0,0,0,0
1774511940,0,0,0,0
1774511941,0,0,0,0
1774511942,0,0,0,0
1774511943,0,0,0,0
1774511944,0,0,0,0
1774511945,0,0,0,0
1774511946,0,0,0,0
1774511947,0,0,0,0
1774511948,0,0,0,0
1774511949,0,0,0,0
1774511950,0,0,0,0
1774511951,0,0,0,0
1774511952,0,0,0,0
1774511953,0,0,0,0
1774511954,0,0,0,0
1774511955,0,0,0,0
1774511956,0,0,0,0
1774511957,0,0,0,0
1774511958,0,0,0,0
1774511959,0,0,0,0
1774511960,0,0,0,0
1774511961,0,0,0,0
1774511963,0,0,0,0
1774511964,0,0,0,0
1774511965,0,0,0,0
1774511966,0,0,0,0
1774511967,0,0,0,0
1774511968,0,0,0,0
1774511969,0,0,0,0
1774511970,0,0,0,0
1774511971,0,0,0,0
1774511972,0,0,0,0
1774511973,0,0,0,0
1774511974,0,0,0,0
1774511975,0,0,0,0
1774511976,0,0,0,0
1774511977,0,0,0,0
1774511978,0,0,0,0
1774511979,0,0,0,0
1774511980,0,0,0,0
1774511981,0,0,0,0
1774511982,0,0,0,0
1774511983,0,0,0,0
1774511984,0,0,0,0
1774511985,0,0,0,0
1774511986,0,0,0,0
1774511987,0,0,0,0
1774511988,0,0,0,0
1774511989,0,0,0,0
1774511990,0,0,0,0
1774511991,0,0,0,0
1774511992,0,0,0,0
1774511993,0,0,0,0
1774511994,0,0,0,0
1774511995,0,0,0,0
1774511996,0,0,0,0
1774511997,0,0,0,0
1774511998,0,0,0,0
1774511999,0,0,0,0
1774512000,0,0,0,0
1774512001,0,0,0,0
1774512002,0,0,0,0
1774512003,0,0,0,0
1774512004,0,0,0,0
1774512005,0,0,0,0
1774512006,0,0,0,0
1774512007,0,0,0,0
1774512008,0,0,0,0
1774512009,0,0,0,0
1774512010,0,0,0,0
1774512011,0,0,0,0
1774512012,0,0,0,0
1774512013,0,0,0,0
1774512014,0,0,0,0
1774512015,0,0,0,0
1774512016,0,0,0,0
1774512017,0,0,0,0
1774512018,0,0,0,0
1774512019,0,0,0,0
1774512020,0,0,0,0
1774512021,0,0,0,0
1774512022,0,0,0,0
1774512023,0,0,0,0
1774512024,0,0,0,0
1774512025,0,0,0,0
1774512026,0,0,0,0
1774512027,0,0,0,0
1774512028,0,0,0,0
1774512029,0,0,0,0
1774512030,0,0,0,0
1774512031,0,0,0,0
1774512033,0,0,0,0
1774512034,0,0,0,0
1774512035,0,0,0,0
1774512036,0,0,0,0
1774512037,0,0,0,0
1774512038,0,0,0,0
1774512039,0,0,0,0
1774512040,0,0,0,0
1774512041,0,0,0,0
1774512042,0,0,0,0
1774512043,0,0,0,0
1774512044,0,0,0,0
1774512045,0,0,0,0
1774512046,0,0,0,0
1774512047,0,0,0,0
1774512048,0,0,0,0
1774512049,0,0,0,0
1774512050,0,0,0,0
1774512051,0,0,0,0
1774512052,0,0,0,0
1774512053,0,0,0,0
1774512054,0,0,0,0
1774512055,0,0,0,0
1774512056,0,0,0,0
1774512057,0,0,0,0
1774512058,0,0,0,0
1774512059,0,0,0,0
1774512060,0,0,0,0
1774512061,0,0,0,0
1774512062,0,0,0,0
1774512063,0,0,0,0
1774512064,0,0,0,0
1774512065,0,0,0,0
1774512066,0,0,0,0
1774512067,0,0,0,0
1774512068,0,0,0,0
1774512069,0,0,0,0
1774512070,0,0,0,0
1774512071,0,0,0,0
1774512072,0,0,0,0
1774512073,0,0,0,0
1774512074,0,0,0,0
1774512075,0,0,0,0
1774512076,0,0,0,0
1774512077,0,0,0,0
1774512078,0,0,0,0
1774512079,0,0,0,0
1774512080,0,0,0,0
1774512081,0,0,0,0
1774512082,0,0,0,0
1774512083,0,0,0,0
1774512084,0,0,0,0
1774512085,0,0,0,0
1774512086,0,0,0,0
1774512087,0,0,0,0
1774512088,0,0,0,0
1774512089,0,0,0,0
1774512090,0,0,0,0
1774512091,0,0,0,0
1774512092,0,0,0,0
1774512093,0,0,0,0
1774512094,0,0,0,0
1774512095,0,0,0,0
1774512096,0,0,0,0
1774512097,0,0,0,0
1774512098,0,0,0,0
1774512099,0,0,0,0
1774512100,0,0,0,0
1774512101,0,0,0,0
1774512102,0,0,0,0
1774512103,0,0,0,0
1774512105,0,0,0,0
1774512106,0,0,0,0
1774512107,0,0,0,0
1774512108,0,0,0,0
1774512109,0,0,0,0
1774512110,0,0,0,0
1774512111,0,0,0,0
1774512112,0,0,0,0
1774512113,0,0,0,0
1774512114,0,0,0,0
1774512115,0,0,0,0
1774512116,0,0,0,0
1774512117,0,0,0,0
1774512118,0,0,0,0
1774512119,0,0,0,0
1774512120,0,0,0,0
1774512121,0,0,0,0
1774512122,0,0,0,0
1774512123,0,0,0,0
1774512124,0,0,0,0
1774512125,0,0,0,0
1774512126,0,0,0,0
1774512127,0,0,0,0
1774512128,0,0,0,0
1774512129,0,0,0,0
1774512130,0,0,0,0
1774512131,0,0,0,0
1774512132,0,0,0,0
1774512133,0,0,0,0
1774512134,0,0,0,0
1774512135,0,0,0,0
1774512136,0,0,0,0
1774512137,0,0,0,0
1774512138,0,0,0,0
1774512139,0,0,0,0
1774512140,0,0,0,0
1774512141,0,0,0,0
1774512142,0,0,0,0
1774512143,0,0,0,0
1774512144,0,0,0,0
1774512145,0,0,0,0
1774512146,0,0,0,0
1774512147,0,0,0,0
1774512148,0,0,0,0
1774512149,0,0,0,0
1774512150,0,0,0,0
1774512151,0,0,0,0
1774512152,0,0,0,0
1774512153,0,0,0,0
1774512154,0,0,0,0
1774512155,0,0,0,0
1774512156,0,0,0,0
1774512157,0,0,0,0
1774512158,0,0,0,0
1774512159,0,0,0,0
1774512160,0,0,0,0
1774512161,0,0,0,0
1774512162,0,0,0,0
1774512163,0,0,0,0
1774512164,0,0,0,0
1774512165,0,0,0,0
1774512166,0,0,0,0
1774512167,0,0,0,0
1774512168,0,0,0,0
1774512169,0,0,0,0
1774512170,0,0,0,0
1774512171,0,0,0,0
1774512172,0,0,0,0
1774512173,0,0,0,0
1774512174,0,0,0,0
1774512175,0,0,0,0
1774512176,0,0,0,0
1774512177,0,0,0,0
1774512179,0,0,0,0
1774512180,0,0,0,0
1774512181,0,0,0,0
1774512182,0,0,0,0
1774512183,0,0,0,0
1774512184,0,0,0,0
1774512185,0,0,0,0
1774512186,0,0,0,0
1774512187,0,0,0,0
1774512188,0,0,0,0
1774512189,0,0,0,0
1774512190,0,0,0,0
1774512191,0,0,0,0
1774512192,0,0,0,0
1774512193,0,0,0,0
1774512194,0,0,0,0
1774512195,0,0,0,0
1774512196,0,0,0,0
1774512197,0,0,0,0
1774512198,0,0,0,0
1774512199,0,0,0,0
1774512200,0,0,0,0
1774512201,0,0,0,0
1774512202,0,0,0,0
1774512203,0,0,0,0
1774512204,0,0,0,0
1774512205,0,0,0,0
1774512206,0,0,0,0
1774512207,0,0,0,0
1774512208,0,0,0,0
1774512209,0,0,0,0
1774512210,0,0,0,0
1774512211,0,0,0,0
1774512212,0,0,0,0
1774512213,0,0,0,0
1774512214,0,0,0,0
1774512215,0,0,0,0
1774512216,0,0,0,0
1774512217,0,0,0,0
1774512218,0,0,0,0
1774512219,0,0,0,0
1774512220,0,0,0,0
1774512221,0,0,0,0
1774512222,0,0,0,0
1774512223,0,0,0,0
1774512224,0,0,0,0
1774512225,0,0,0,0
1774512226,0,0,0,0
1774512227,0,0,0,0
1774512228,0,0,0,0
1774512229,0,0,0,0
1774512230,0,0,0,0
1774512231,0,0,0,0
1774512232,0,0,0,0
1774512233,0,0,0,0
1774512234,0,0,0,0
1774512235,0,0,0,0
1774512236,0,0,0,0
1774512237,0,0,0,0
1774512238,0,0,0,0
1774512239,0,0,0,0
1774512240,0,0,0,0
1774512241,0,0,0,0
1774512242,0,0,0,0
1774512243,0,0,0,0
1774512244,0,0,0,0
1774512245,0,0,0,0
1774512246,0,0,0,0
1774512248,0,0,0,0
1774512249,0,0,0,0
1774512250,0,0,0,0
1774512251,0,0,0,0
1774512252,0,0,0,0
1774512253,0,0,0,0
1774512254,0,0,0,0
1774512255,0,0,0,0
1774512256,0,0,0,0
1774512257,0,0,0,0
1774512258,0,0,0,0
1774512259,0,0,0,0
1774512260,0,0,0,0
1774512261,0,0,0,0
1774512262,0,0,0,0
1774512263,0,0,0,0
1774512264,0,0,0,0
1774512265,0,0,0,0
1774512266,0,0,0,0
1774512267,0,0,0,0
1774512268,0,0,0,0
1774512269,0,0,0,0
1774512270,0,0,0,0
1774512271,0,0,0,0
1774512272,0,0,0,0
1774512273,0,0,0,0
1774512274,0,0,0,0
1774512275,0,0,0,0
1774512276,0,0,0,0
1774512277,0,0,0,0
1774512278,0,0,0,0
1774512279,0,0,0,0
1774512280,0,0,0,0
1774512281,0,0,0,0
1774512282,0,0,0,0
1774512283,0,0,0,0
1774512284,0,0,0,0
1774512285,0,0,0,0
1774512286,0,0,0,0
1774512287,0,0,0,0
1774512288,0,0,0,0
1774512289,0,0,0,0
1774512290,0,0,0,0
1774512291,0,0,0,0
1774512292,0,0,0,0
1774512293,0,0,0,0
1774512294,0,0,0,0
1774512295,0,0,0,0
1774512296,0,0,0,0
1774512297,0,0,0,0
1774512298,0,0,0,0
1774512299,0,0,0,0
1774512300,0,0,0,0
1774512301,0,0,0,0
1774512302,0,0,0,0
1774512303,0,0,0,0
1774512304,0,0,0,0
1774512305,0,0,0,0
1774512306,0,0,0,0
1774512307,0,0,0,0
1774512308,0,0,0,0
1774512309,0,0,0,0
1774512310,0,0,0,0
1774512311,0,0,0,0
1774512312,0,0,0,0
1774512313,0,0,0,0
1774512314,0,0,0,0
1774512315,0,0,0,0
1774512317,0,0,0,0
1774512318,0,0,0,0
1774512319,0,0,0,0
1774512320,0,0,0,0
1774512321,0,0,0,0
1774512322,0,0,0,0
1774512323,0,0,0,0
1774512324,0,0,0,0
1774512325,0,0,0,0
1774512326,0,0,0,0
1774512327,0,0,0,0
1774512328,0,0,0,0
1774512329,0,0,0,0
1774512330,0,0,0,0
1774512331,0,0,0,0
1774512332,0,0,0,0
1774512333,0,0,0,0
1774512334,0,0,0,0
1774512335,0,0,0,0
1774512336,0,0,0,0
1774512337,0,0,0,0
1774512338,0,0,0,0
1774512339,0,0,0,0
1774512340,0,0,0,0
1774512341,0,0,0,0
1774512342,0,0,0,0
1774512343,0,0,0,0
1774512344,0,0,0,0
1774512345,0,0,0,0
1774512346,0,0,0,0
1774512347,0,0,0,0
1774512348,0,0,0,0
1774512349,0,0,0,0
1774512350,0,0,0,0
1774512351,0,0,0,0
1774512352,0,0,0,0
1774512353,0,0,0,0
1774512354,0,0,0,0
1774512355,0,0,0,0
1774512356,0,0,0,0
1774512357,0,0,0,0
1774512358,0,0,0,0
1774512359,0,0,0,0
1774512360,0,0,0,0
1774512361,0,0,0,0
1774512362,0,0,0,0
1774512363,0,0,0,0
1774512364,0,0,0,0
1774512365,0,0,0,0
1774512366,0,0,0,0
1774512367,0,0,0,0
1774512368,0,0,0,0
1774512369,0,0,0,0
1774512370,0,0,0,0
1774512371,0,0,0,0
1774512372,0,0,0,0
1774512373,0,0,0,0
1774512374,0,0,0,0
1774512375,0,0,0,0
1774512376,0,0,0,0
1774512377,0,0,0,0
1774512378,0,0,0,0
1774512379,0,0,0,0
1774512381,0,0,0,0
1774512382,0,0,0,0
1774512383,0,0,0,0
1774512384,0,0,0,0
1774512385,0,0,0,0
1774512386,0,0,0,0
1774512387,0,0,0,0
1774512388,0,0,0,0
1774512389,0,0,0,0
1774512390,0,0,0,0
1774512391,0,0,0,0
1774512392,0,0,0,0
1774512393,0,0,0,0
1774512394,0,0,0,0
1774512395,0,0,0,0
1774512396,0,0,0,0
1774512397,0,0,0,0
1774512398,0,0,0,0
1774512399,0,0,0,0
1774512400,0,0,0,0
1774512401,0,0,0,0
1774512402,0,0,0,0
1774512403,0,0,0,0
1774512404,0,0,0,0
1774512405,0,0,0,0
1774512406,0,0,0,0
1774512407,0,0,0,0
1774512408,0,0,0,0
1774512409,0,0,0,0
1774512410,0,0,0,0
1774512411,0,0,0,0
1774512412,0,0,0,0
1774512413,0,0,0,0
1774512414,0,0,0,0
1774512415,0,0,0,0
1774512416,0,0,0,0
1774512417,0,0,0,0
1774512418,0,0,0,0
1774512419,0,0,0,0
1774512420,0,0,0,0
1774512421,0,0,0,0
1774512422,0,0,0,0
1774512423,0,0,0,0
1774512424,0,0,0,0
1774512425,0,0,0,0
1774512426,0,0,0,0
1774512427,0,0,0,0
1774512428,0,0,0,0
1774512429,0,0,0,0
1774512430,0,0,0,0
1774512431,0,0,0,0
1774512432,0,0,0,0
1774512433,0,0,0,0
1774512434,0,0,0,0
1774512435,0,0,0,0
1774512436,0,0,0,0
1774512437,0,0,0,0
1774512438,0,0,0,0
1774512439,0,0,0,0
1774512441,0,0,0,0
1774512442,0,0,0,0
1774512443,0,0,0,0
1774512444,0,0,0,0
1774512445,0,0,0,0
1774512446,0,0,0,0
1774512447,0,0,0,0
1774512448,0,0,0,0
1774512449,0,0,0,0
1774512450,0,0,0,0
1774512451,0,0,0,0
1774512452,0,0,0,0
1774512453,0,0,0,0
1774512454,0,0,0,0
1774512455,0,0,0,0
1774512456,0,0,0,0
1774512457,0,0,0,0
1774512458,0,0,0,0
1774512459,0,0,0,0
1774512460,0,0,0,0
1774512461,0,0,0,0
1774512462,0,0,0,0
1774512463,0,0,0,0
1774512464,0,0,0,0
1774512465,0,0,0,0
1774512466,0,0,0,0
1774512467,0,0,0,0
1774512468,0,0,0,0
1774512469,0,0,0,0
1774512470,0,0,0,0
1774512471,0,0,0,0
1774512472,0,0,0,0
1774512473,0,0,0,0
1774512474,0,0,0,0
1774512475,0,0,0,0
1774512476,0,0,0,0
1774512477,0,0,0,0
1774512478,0,0,0,0
1774512479,0,0,0,0
1774512480,0,0,0,0
1774512481,0,0,0,0
1774512482,0,0,0,0
1774512483,0,0,0,0
1774512484,0,0,0,0
1774512485,0,0,0,0
1774512486,0,0,0,0
1774512487,0,0,0,0
1774512488,0,0,0,0
1774512489,0,0,0,0
1774512490,0,0,0,0
1774512491,0,0,0,0
1774512492,0,0,0,0
1774512493,0,0,0,0
1774512494,0,0,0,0
1774512495,0,0,0,0
1774512496,0,0,0,0
1774512497,0,0,0,0
1774512498,0,0,0,0
1774512499,0,0,0,0
1774512500,0,0,0,0
1774512501,0,0,0,0
1774512502,0,0,0,0
1774512504,0,0,0,0
1774512505,0,0,0,0
1774512506,0,0,0,0
1774512507,0,0,0,0
1774512508,0,0,0,0
1774512509,0,0,0,0
1774512510,0,0,0,0
1774512511,0,0,0,0
1774512512,0,0,0,0
1774512513,0,0,0,0
1774512514,0,0,0,0
1774512515,0,0,0,0
1774512516,0,0,0,0
1774512517,0,0,0,0
1774512518,0,0,0,0
1774512519,0,0,0,0
1774512520,0,0,0,0
1774512521,0,0,0,0
1774512522,0,0,0,0
1774512523,0,0,0,0
1774512524,0,0,0,0
1774512525,0,0,0,0
1774512526,0,0,0,0
1774512527,0,0,0,0
1774512528,0,0,0,0
1774512529,0,0,0,0
1774512530,0,0,0,0
1774512531,0,0,0,0
1774512532,0,0,0,0
1774512533,0,0,0,0
1774512534,0,0,0,0
1774512535,0,0,0,0
1774512536,0,0,0,0
1774512537,0,0,0,0
1774512538,0,0,0,0
1774512539,0,0,0,0
1774512540,0,0,0,0
1774512541,0,0,0,0
1774512542,0,0,0,0
1774512543,0,0,0,0
1774512544,0,0,0,0
1774512545,0,0,0,0
1774512546,0,0,0,0
1774512547,0,0,0,0
1774512548,0,0,0,0
1774512549,0,0,0,0
1774512550,0,0,0,0
1774512551,0,0,0,0
1774512552,0,0,0,0
1774512553,0,0,0,0
1774512554,0,0,0,0
1774512555,0,0,0,0
1774512556,0,0,0,0
1774512557,0,0,0,0
1774512558,0,0,0,0
1774512559,0,0,0,0
1774512560,0,0,0,0
1774512561,0,0,0,0
1774512562,0,0,0,0
1774512563,0,0,0,0
1774512564,0,0,0,0
1774512565,0,0,0,0
1774512566,0,0,0,0
1774512567,0,0,0,0
1774512568,0,0,0,0
1774512569,0,0,0,0
1774512570,0,0,0,0
1774512572,0,0,0,0
1774512573,0,0,0,0
1774512574,0,0,0,0
1774512575,0,0,0,0
1774512576,0,0,0,0
1774512577,0,0,0,0
1774512578,0,0,0,0
1774512579,0,0,0,0
1774512580,0,0,0,0
1774512581,0,0,0,0
1774512582,0,0,0,0
1774512583,0,0,0,0
1774512584,0,0,0,0
1774512585,0,0,0,0
1774512586,0,0,0,0
1774512587,0,0,0,0
1774512588,0,0,0,0
1774512589,0,0,0,0
1774512590,0,0,0,0
1774512591,0,0,0,0
1774512592,0,0,0,0
1774512593,0,0,0,0
1774512594,0,0,0,0
1774512595,0,0,0,0
1774512596,0,0,0,0
1774512597,0,0,0,0
1774512598,0,0,0,0
1774512599,0,0,0,0
1774512600,0,0,0,0
1774512601,0,0,0,0
1774512602,0,0,0,0
1774512603,0,0,0,0
1774512604,0,0,0,0
1774512605,0,0,0,0
1774512606,0,0,0,0
1774512607,0,0,0,0
1774512608,0,0,0,0
1774512609,0,0,0,0
1774512610,0,0,0,0
1774512611,0,0,0,0
1774512612,0,0,0,0
1774512613,0,0,0,0
1774512614,0,0,0,0
1774512615,0,0,0,0
1774512616,0,0,0,0
1774512617,0,0,0,0
1774512618,0,0,0,0
1774512619,0,0,0,0
1774512620,0,0,0,0
1774512621,0,0,0,0
1774512622,0,0,0,0
1774512623,0,0,0,0
1774512624,0,0,0,0
1774512625,0,0,0,0
1774512626,0,0,0,0
1774512627,0,0,0,0
1774512628,0,0,0,0
1774512629,0,0,0,0
1774512630,0,0,0,0
1774512631,0,0,0,0
1774512632,0,0,0,0
1774512633,0,0,0,0
1774512634,0,0,0,0
1774512635,0,0,0,0
1774512636,0,0,0,0
1774512637,0,0,0,0
1774512639,0,0,0,0
1774512640,0,0,0,0
1774512641,0,0,0,0
1774512642,0,0,0,0
1774512643,0,0,0,0
1774512644,0,0,0,0
1774512645,0,0,0,0
1774512646,0,0,0,0
1774512647,0,0,0,0
1774512648,0,0,0,0
1774512649,0,0,0,0
1774512650,0,0,0,0
1774512651,0,0,0,0
1774512652,0,0,0,0
1774512653,0,0,0,0
1774512654,0,0,0,0
1774512655,0,0,0,0
1774512656,0,0,0,0
1774512657,0,0,0,0
1774512658,0,0,0,0
1774512659,0,0,0,0
1774512660,0,0,0,0
1774512661,0,0,0,0
1774512662,0,0,0,0
1774512663,0,0,0,0
1774512664,0,0,0,0
1774512665,0,0,0,0
1774512666,0,0,0,0
1774512667,0,0,0,0
1774512668,0,0,0,0
1774512669,0,0,0,0
1774512670,0,0,0,0
1774512671,0,0,0,0
1774512672,0,0,0,0
1774512673,0,0,0,0
1774512674,0,0,0,0
1774512675,0,0,0,0
1774512676,0,0,0,0
1774512677,0,0,0,0
1774512678,0,0,0,0
1774512679,0,0,0,0
1774512680,0,0,0,0
1774512681,0,0,0,0
1774512682,0,0,0,0
1774512683,0,0,0,0
1774512684,0,0,0,0
1774512685,0,0,0,0
1774512686,0,0,0,0
1774512687,0,0,0,0
1774512688,0,0,0,0
1774512689,0,0,0,0
1774512690,0,0,0,0
1774512691,0,0,0,0
1774512692,0,0,0,0
1774512693,0,0,0,0
1774512694,0,0,0,0
1774512695,0,0,0,0
1774512696,0,0,0,0
1774512697,0,0,0,0
1774512698,0,0,0,0
1774512699,0,0,0,0
1774512700,0,0,0,0
1774512701,0,0,0,0
1774512703,0,0,0,0
1774512704,0,0,0,0
1774512705,0,0,0,0
1774512706,0,0,0,0
1774512707,0,0,0,0
1774512708,0,0,0,0
1774512709,0,0,0,0
1774512710,0,0,0,0
1774512711,0,0,0,0
1774512712,0,0,0,0
1774512713,0,0,0,0
1774512714,0,0,0,0
1774512715,0,0,0,0
1774512716,0,0,0,0
1774512717,0,0,0,0
1774512718,0,0,0,0
1774512719,0,0,0,0
1774512720,0,0,0,0
1774512721,0,0,0,0
1774512722,0,0,0,0
1774512723,0,0,0,0
1774512724,0,0,0,0
1774512725,0,0,0,0
1774512726,0,0,0,0
1774512727,0,0,0,0
1774512728,0,0,0,0
1774512729,0,0,0,0
1774512730,0,0,0,0
1774512731,0,0,0,0
1774512732,0,0,0,0
1774512733,0,0,0,0
1774512734,0,0,0,0
1774512735,0,0,0,0
1774512736,0,0,0,0
1774512737,0,0,0,0
1774512738,0,0,0,0
1774512739,0,0,0,0
1774512740,0,0,0,0
1774512741,0,0,0,0
1774512742,0,0,0,0
1774512743,0,0,0,0
1774512744,0,0,0,0
1774512745,0,0,0,0
1774512746,0,0,0,0
1774512747,0,0,0,0
1774512748,0,0,0,0
1774512749,0,0,0,0
1774512750,0,0,0,0
1774512751,0,0,0,0
1774512752,0,0,0,0
1774512753,0,0,0,0
1774512754,0,0,0,0
1774512755,0,0,0,0
1774512756,0,0,0,0
1774512757,0,0,0,0
1774512758,0,0,0,0
1774512759,0,0,0,0
1774512760,0,0,0,0
1774512761,0,0,0,0
1774512762,0,0,0,0
1774512763,0,0,0,0
1774512764,0,0,0,0
1774512765,0,0,0,0
1774512766,0,0,0,0
1774512767,0,0,0,0
1774512768,0,0,0,0
1774512770,0,0,0,0
1774512771,0,0,0,0
1774512772,0,0,0,0
1774512773,0,0,0,0
1774512774,0,0,0,0
1774512775,0,0,0,0
1774512776,0,0,0,0
1774512777,0,0,0,0
1774512778,0,0,0,0
1774512779,0,0,0,0
1774512780,0,0,0,0
1774512781,0,0,0,0
1774512782,0,0,0,0
1774512783,0,0,0,0
1774512784,0,0,0,0
1774512785,0,0,0,0
1774512786,0,0,0,0
1774512787,0,0,0,0
1774512788,0,0,0,0
1774512789,0,0,0,0
1774512790,0,0,0,0
1774512791,0,0,0,0
1774512792,0,0,0,0
1774512793,0,0,0,0
1774512794,0,0,0,0
1774512795,0,0,0,0
1774512796,0,0,0,0
1774512797,0,0,0,0
1774512798,0,0,0,0
1774512799,0,0,0,0
1774512800,0,0,0,0
1774512801,0,0,0,0
1774512802,0,0,0,0
1774512803,0,0,0,0
1774512804,0,0,0,0
1774512805,0,0,0,0
1774512806,0,0,0,0
1774512807,0,0,0,0
1774512808,0,0,0,0
1774512809,0,0,0,0
1774512810,0,0,0,0
1774512811,0,0,0,0
1774512812,0,0,0,0
1774512813,0,0,0,0
1774512814,0,0,0,0
1774512815,0,0,0,0
1774512816,0,0,0,0
1774512817,0,0,0,0
1774512818,0,0,0,0
1774512819,0,0,0,0
1774512820,0,0,0,0
1774512821,0,0,0,0
1774512822,0,0,0,0
1774512823,0,0,0,0
1774512824,0,0,0,0
1774512825,0,0,0,0
1774512826,0,0,0,0
1774512827,0,0,0,0
1774512828,0,0,0,0
1774512829,0,0,0,0
1774512830,0,0,0,0
1774512831,0,0,0,0
1774512833,0,0,0,0
1774512834,0,0,0,0
1774512835,0,0,0,0
1774512836,0,0,0,0
1774512837,0,0,0,0
1774512838,0,0,0,0
1774512839,0,0,0,0
1774512840,0,0,0,0
1774512841,0,0,0,0
1774512842,0,0,0,0
1774512843,0,0,0,0
1774512844,0,0,0,0
1774512845,0,0,0,0
1774512846,0,0,0,0
1774512847,0,0,0,0
1774512848,0,0,0,0
1774512849,0,0,0,0
1774512850,0,0,0,0
1774512851,0,0,0,0
1774512852,0,0,0,0
1774512853,0,0,0,0
1774512854,0,0,0,0
1774512855,0,0,0,0
1774512856,0,0,0,0
1774512857,0,0,0,0
1774512858,0,0,0,0
1774512859,0,0,0,0
1774512860,0,0,0,0
1774512861,0,0,0,0
1774512862,0,0,0,0
1774512863,0,0,0,0
1774512864,0,0,0,0
1774512865,0,0,0,0
1774512866,0,0,0,0
1774512867,0,0,0,0
1774512868,0,0,0,0
1774512869,0,0,0,0
1774512870,0,0,0,0
1774512871,0,0,0,0
1774512872,0,0,0,0
1774512873,0,0,0,0
1774512874,0,0,0,0
1774512875,0,0,0,0
1774512876,0,0,0,0
1774512877,0,0,0,0
1774512878,0,0,0,0
1774512879,0,0,0,0
1774512880,0,0,0,0
1774512881,0,0,0,0
1774512882,0,0,0,0
1774512883,0,0,0,0
1774512884,0,0,0,0
1774512885,0,0,0,0
1774512886,0,0,0,0
1774512887,0,0,0,0
1774512888,0,0,0,0
1774512889,0,0,0,0
1774512890,0,0,0,0
1774512891,0,0,0,0
1774512892,0,0,0,0
1774512893,0,0,0,0
1774512894,0,0,0,0
1774512895,0,0,0,0
1774512896,0,0,0,0
1774512897,0,0,0,0
1774512898,0,0,0,0
1774512899,0,0,0,0
1774512900,0,0,0,0
1774512901,0,0,0,0
1774512902,0,0,0,0
1774512903,0,0,0,0
1774512904,0,0,0,0
1774512905,0,0,0,0
1774512906,0,0,0,0
1774512907,0,0,0,0
1774512909,0,0,0,0
1774512910,0,0,0,0
1774512911,0,0,0,0
1774512912,0,0,0,0
1774512913,0,0,0,0
1774512914,0,0,0,0
1774512915,0,0,0,0
1774512916,0,0,0,0
1774512917,0,0,0,0
1774512918,0,0,0,0
1774512919,0,0,0,0
1774512920,0,0,0,0
1774512921,0,0,0,0
1774512922,0,0,0,0
1774512923,0,0,0,0
1774512924,0,0,0,0
1774512925,0,0,0,0
1774512926,0,0,0,0
1774512927,0,0,0,0
1774512928,0,0,0,0
1774512929,0,0,0,0
1774512930,0,0,0,0
1774512931,0,0,0,0
1774512932,0,0,0,0
1774512933,0,0,0,0
1774512934,0,0,0,0
1774512935,0,0,0,0
1774512936,0,0,0,0
1774512937,0,0,0,0
1774512938,0,0,0,0
1774512939,0,0,0,0
1774512940,0,0,0,0
1774512941,0,0,0,0
1774512942,0,0,0,0
1774512943,0,0,0,0
1774512944,0,0,0,0
1774512945,0,0,0,0
1774512946,0,0,0,0
1774512947,0,0,0,0
1774512948,0,0,0,0
1774512949,0,0,0,0
1774512950,0,0,0,0
1774512951,0,0,0,0
1774512952,0,0,0,0
1774512953,0,0,0,0
1774512954,0,0,0,0
1774512955,0,0,0,0
1774512956,0,0,0,0
1774512957,0,0,0,0
1774512958,0,0,0,0
1774512959,0,0,0,0
1774512960,0,0,0,0
1774512961,0,0,0,0
1774512962,0,0,0,0
1774512963,0,0,0,0
1774512964,0,0,0,0
1774512965,0,0,0,0
1774512966,0,0,0,0
1774512967,0,0,0,0
1774512968,0,0,0,0
1774512969,0,0,0,0
1774512970,0,0,0,0
1774512971,0,0,0,0
1774512972,0,0,0,0
1774512973,0,0,0,0
1774512974,0,0,0,0
1774512975,0,0,0,0
1774512976,0,0,0,0
1774512977,0,0,0,0
1774512978,0,0,0,0
1774512979,0,0,0,0
1774512980,0,0,0,0
1774512981,0,0,0,0
1774512982,0,0,0,0
1774512983,0,0,0,0
1774512984,0,0,0,0
1774512985,0,0,0,0
1774512986,0,0,0,0
1774512987,0,0,0,0
1774512988,0,0,0,0
1774512989,0,0,0,0
1774512990,0,0,0,0
1774512992,0,0,0,0
1774512993,0,0,0,0
1774512994,0,0,0,0
1774512995,0,0,0,0
1774512996,0,0,0,0
1774512997,0,0,0,0
1774512998,0,0,0,0
1774512999,0,0,0,0
1774513000,0,0,0,0
1774513001,0,0,0,0
1774513002,0,0,0,0
1774513003,0,0,0,0
1774513004,0,0,0,0
1774513005,0,0,0,0
1774513006,0,0,0,0
1774513007,0,0,0,0
1774513008,0,0,0,0
1774513009,0,0,0,0
1774513010,0,0,0,0
1774513011,0,0,0,0
1774513012,0,0,0,0
1774513013,0,0,0,0
1774513014,0,0,0,0
1774513015,0,0,0,0
1774513016,0,0,0,0
1774513017,0,0,0,0
1774513018,0,0,0,0
1774513019,0,0,0,0
1774513020,0,0,0,0
1774513021,0,0,0,0
1774513022,0,0,0,0
1774513023,0,0,0,0
1774513024,0,0,0,0
1774513025,0,0,0,0
1774513026,0,0,0,0
1774513027,0,0,0,0
1774513028,0,0,0,0
1774513029,0,0,0,0
1774513030,0,0,0,0
1774513031,0,0,0,0
1774513032,0,0,0,0
1774513033,0,0,0,0
1774513034,0,0,0,0
1774513035,0,0,0,0
1774513036,0,0,0,0
1774513037,0,0,0,0
1774513038,0,0,0,0
1774513039,0,0,0,0
1774513040,0,0,0,0
1774513041,0,0,0,0
1774513042,0,0,0,0
1774513043,0,0,0,0
1774513044,0,0,0,0
1774513045,0,0,0,0
1774513046,0,0,0,0
1774513047,0,0,0,0
1774513048,0,0,0,0
1774513049,0,0,0,0
1774513050,0,0,0,0
1774513051,0,0,0,0
1774513052,0,0,0,0
1774513053,0,0,0,0
1774513054,0,0,0,0
1774513055,0,0,0,0
1774513056,0,0,0,0
1774513057,0,0,0,0
1774513058,0,0,0,0
1774513060,0,0,0,0
1774513061,0,0,0,0
1774513062,0,0,0,0
1774513063,0,0,0,0
1774513064,0,0,0,0
1774513065,0,0,0,0
1774513066,0,0,0,0
1774513067,0,0,0,0
1774513068,0,0,0,0
1774513069,0,0,0,0
1774513070,0,0,0,0
1774513071,0,0,0,0
1774513072,0,0,0,0
1774513073,0,0,0,0
1774513074,0,0,0,0
1774513075,0,0,0,0
1774513076,0,0,0,0
1774513077,0,0,0,0
1774513078,0,0,0,0
1774513079,0,0,0,0
1774513080,0,0,0,0
1774513081,0,0,0,0
1774513082,0,0,0,0
1774513083,0,0,0,0
1774513084,0,0,0,0
1774513085,0,0,0,0
1774513086,0,0,0,0
1774513087,0,0,0,0
1774513088,0,0,0,0
1774513089,0,0,0,0
1774513090,0,0,0,0
1774513091,0,0,0,0
1774513092,0,0,0,0
1774513093,0,0,0,0
1774513094,0,0,0,0
1774513095,0,0,0,0
1774513096,0,0,0,0
1774513097,0,0,0,0
1774513098,0,0,0,0
1774513099,0,0,0,0
1774513100,0,0,0,0
1774513101,0,0,0,0
1774513102,0,0,0,0
1774513103,0,0,0,0
1774513104,0,0,0,0
1774513105,0,0,0,0
1774513106,0,0,0,0
1774513107,0,0,0,0
1774513108,0,0,0,0
1774513109,0,0,0,0
1774513110,0,0,0,0
1774513111,0,0,0,0
1774513112,0,0,0,0
1774513113,0,0,0,0
1774513114,0,0,0,0
1774513115,0,0,0,0
1774513116,0,0,0,0
1774513117,0,0,0,0
1774513118,0,0,0,0
1774513119,0,0,0,0
1774513120,0,0,0,0
1774513121,0,0,0,0
1774513122,0,0,0,0
1774513123,0,0,0,0
1774513124,0,0,0,0
1774513125,0,0,0,0
1774513126,0,0,0,0
1774513127,0,0,0,0
1774513129,0,0,0,0
1774513130,0,0,0,0
1774513131,0,0,0,0
1774513132,0,0,0,0
1774513133,0,0,0,0
1774513134,0,0,0,0
1774513135,0,0,0,0
1774513136,0,0,0,0
1774513137,0,0,0,0
1774513138,0,0,0,0
1774513139,0,0,0,0
1774513140,0,0,0,0
1774513141,0,0,0,0
1774513142,0,0,0,0
1774513143,0,0,0,0
1774513144,0,0,0,0
1774513145,0,0,0,0
1774513146,0,0,0,0
1774513147,0,0,0,0
1774513148,0,0,0,0
1774513149,0,0,0,0
1774513150,0,0,0,0
1774513151,0,0,0,0
1774513152,0,0,0,0
1774513153,0,0,0,0
1774513154,0,0,0,0
1774513155,0,0,0,0
1774513156,0,0,0,0
1774513157,0,0,0,0
1774513158,0,0,0,0
1774513159,0,0,0,0
1774513160,0,0,0,0
1774513161,0,0,0,0
1774513162,0,0,0,0
1774513163,0,0,0,0
1774513164,0,0,0,0
1774513165,0,0,0,0
1774513166,0,0,0,0
1774513167,0,0,0,0
1774513168,0,0,0,0
1774513169,0,0,0,0
1774513170,0,0,0,0
1774513171,0,0,0,0
1774513172,0,0,0,0
1774513173,0,0,0,0
1774513174,0,0,0,0
1774513175,0,0,0,0
1774513176,0,0,0,0
1774513177,0,0,0,0
1774513178,0,0,0,0
1774513179,0,0,0,0
1774513180,0,0,0,0
1774513181,0,0,0,0
1774513182,0,0,0,0
1774513183,0,0,0,0
1774513184,0,0,0,0
1774513185,0,0,0,0
1774513186,0,0,0,0
1774513187,0,0,0,0
1774513188,0,0,0,0
1774513190,0,0,0,0
1774513191,0,0,0,0
1774513192,0,0,0,0
1774513193,0,0,0,0
1774513194,0,0,0,0
1774513195,0,0,0,0
1774513196,0,0,0,0
1774513197,0,0,0,0
1774513198,0,0,0,0
1774513199,0,0,0,0
1774513200,0,0,0,0
1774513201,0,0,0,0
1774513202,0,0,0,0
1774513203,0,0,0,0
1774513204,0,0,0,0
1774513205,0,0,0,0
1774513206,0,0,0,0
1774513207,0,0,0,0
1774513208,0,0,0,0
1774513209,0,0,0,0
1774513210,0,0,0,0
1774513211,0,0,0,0
1774513212,0,0,0,0
1774513213,0,0,0,0
1774513214,0,0,0,0
1774513215,0,0,0,0
1774513216,0,0,0,0
1774513217,0,0,0,0
1774513218,0,0,0,0
1774513219,0,0,0,0
1774513220,0,0,0,0
1774513221,0,0,0,0
1774513222,0,0,0,0
1774513223,0,0,0,0
1774513224,0,0,0,0
1774513225,0,0,0,0
1774513226,0,0,0,0
1774513227,0,0,0,0
1774513228,0,0,0,0
1774513229,0,0,0,0
1774513230,0,0,0,0
1774513231,0,0,0,0
1774513232,0,0,0,0
1774513233,0,0,0,0
1774513234,0,0,0,0
1774513235,0,0,0,0
1774513236,0,0,0,0
1774513237,0,0,0,0
1774513238,0,0,0,0
1774513239,0,0,0,0
1774513240,0,0,0,0
1774513241,0,0,0,0
1774513242,0,0,0,0
1774513243,0,0,0,0
1774513244,0,0,0,0
1774513245,0,0,0,0
1774513247,0,0,0,0
1774513248,0,0,0,0
1774513249,0,0,0,0
1774513250,0,0,0,0
1774513251,0,0,0,0
1774513252,0,0,0,0
1774513253,0,0,0,0
1774513254,0,0,0,0
1774513255,0,0,0,0
1774513256,0,0,0,0
1774513257,0,0,0,0
1774513258,0,0,0,0
1774513259,0,0,0,0
1774513260,0,0,0,0
1774513261,0,0,0,0
1774513262,0,0,0,0
1774513263,0,0,0,0
1774513264,0,0,0,0
1774513265,0,0,0,0
1774513266,0,0,0,0
1774513267,0,0,0,0
1774513268,0,0,0,0
1774513269,0,0,0,0
1774513270,0,0,0,0
1774513271,0,0,0,0
1774513272,0,0,0,0
1774513273,0,0,0,0
1774513274,0,0,0,0
1774513275,0,0,0,0
1774513276,0,0,0,0
1774513277,0,0,0,0
1774513278,0,0,0,0
1774513279,0,0,0,0
1774513280,0,0,0,0
1774513281,0,0,0,0
1774513282,0,0,0,0
1774513283,0,0,0,0
1774513284,0,0,0,0
1774513285,0,0,0,0
1774513286,0,0,0,0
1774513287,0,0,0,0
1774513288,0,0,0,0
1774513289,0,0,0,0
1774513290,0,0,0,0
1774513291,0,0,0,0
1774513292,0,0,0,0
1774513293,0,0,0,0
1774513294,0,0,0,0
1774513295,0,0,0,0
1774513296,0,0,0,0
1774513297,0,0,0,0
1774513298,0,0,0,0
1774513299,0,0,0,0
1774513300,0,0,0,0
1774513301,0,0,0,0
1774513302,0,0,0,0
1774513303,0,0,0,0
1774513305,0,0,0,0
1774513306,0,0,0,0
1774513307,0,0,0,0
1774513308,0,0,0,0
1774513309,0,0,0,0
1774513310,0,0,0,0
1774513311,0,0,0,0
1774513312,0,0,0,0
1774513313,0,0,0,0
1774513314,0,0,0,0
1774513315,0,0,0,0
1774513316,0,0,0,0
1774513317,0,0,0,0
1774513318,0,0,0,0
1774513319,0,0,0,0
1774513320,0,0,0,0
1774513321,0,0,0,0
1774513322,0,0,0,0
1774513323,0,0,0,0
1774513324,0,0,0,0
1774513325,0,0,0,0
1774513326,0,0,0,0
1774513327,0,0,0,0
1774513328,0,0,0,0
1774513329,0,0,0,0
1774513330,0,0,0,0
1774513331,0,0,0,0
1774513332,0,0,0,0
1774513333,0,0,0,0
1774513334,0,0,0,0
1774513335,0,0,0,0
1774513336,0,0,0,0
1774513337,0,0,0,0
1774513338,0,0,0,0
1774513339,0,0,0,0
1774513340,0,0,0,0
1774513341,0,0,0,0
1774513342,0,0,0,0
1774513343,0,0,0,0
1774513344,0,0,0,0
1774513345,0,0,0,0
1774513346,0,0,0,0
1774513347,0,0,0,0
1774513348,0,0,0,0
1774513349,0,0,0,0
1774513350,0,0,0,0
1774513351,0,0,0,0
1774513352,0,0,0,0
1774513353,0,0,0,0
1774513354,0,0,0,0
1774513355,0,0,0,0
1774513356,0,0,0,0
1774513357,0,0,0,0
1774513358,0,0,0,0
1774513359,0,0,0,0
1774513360,0,0,0,0
1774513361,0,0,0,0
1774513362,0,0,0,0
1774513363,0,0,0,0
1774513364,0,0,0,0
1774513365,0,0,0,0
1774513366,0,0,0,0
1774513367,0,0,0,0
1774513369,0,0,0,0
1774513370,0,0,0,0
1774513371,0,0,0,0
1774513372,0,0,0,0
1774513373,0,0,0,0
1774513374,0,0,0,0
1774513375,0,0,0,0
1774513376,0,0,0,0
1774513377,0,0,0,0
1774513378,0,0,0,0
1774513379,0,0,0,0
1774513380,0,0,0,0
1774513381,0,0,0,0
1774513382,0,0,0,0
1774513383,0,0,0,0
1774513384,0,0,0,0
1774513385,0,0,0,0
1774513386,0,0,0,0
1774513387,0,0,0,0
1774513388,0,0,0,0
1774513389,0,0,0,0
1774513390,0,0,0,0
1774513391,0,0,0,0
1774513392,0,0,0,0
1774513393,0,0,0,0
1774513394,0,0,0,0
1774513395,0,0,0,0
1774513396,0,0,0,0
1774513397,0,0,0,0
1774513398,0,0,0,0
1774513399,0,0,0,0
1774513400,0,0,0,0
1774513401,0,0,0,0
1774513402,0,0,0,0
1774513403,0,0,0,0
1774513404,0,0,0,0
1774513405,0,0,0,0
1774513406,0,0,0,0
1774513407,0,0,0,0
1774513408,0,0,0,0
1774513409,0,0,0,0
1774513410,0,0,0,0
1774513411,0,0,0,0
1774513412,0,0,0,0
1774513413,0,0,0,0
1774513414,0,0,0,0
1774513415,0,0,0,0
1774513416,0,0,0,0
1774513417,0,0,0,0
1774513418,0,0,0,0
1774513419,0,0,0,0
1774513420,0,0,0,0
1774513421,0,0,0,0
1774513422,0,0,0,0
1774513423,0,0,0,0
1774513424,0,0,0,0
1774513425,0,0,0,0
1774513427,0,0,0,0
1774513428,0,0,0,0
1774513429,0,0,0,0
1774513430,0,0,0,0
1774513431,0,0,0,0
1774513432,0,0,0,0
1774513433,0,0,0,0
1774513434,0,0,0,0
1774513435,0,0,0,0
1774513436,0,0,0,0
1774513437,0,0,0,0
1774513438,0,0,0,0
1774513439,0,0,0,0
1774513440,0,0,0,0
1774513441,0,0,0,0
1774513442,0,0,0,0
1774513443,0,0,0,0
1774513444,0,0,0,0
1774513445,0,0,0,0
1774513446,0,0,0,0
1774513447,0,0,0,0
1774513448,0,0,0,0
1774513449,0,0,0,0
1774513450,0,0,0,0
1774513451,0,0,0,0
1774513452,0,0,0,0
1774513453,0,0,0,0
1774513454,0,0,0,0
1774513455,0,0,0,0
1774513456,0,0,0,0
1774513457,0,0,0,0
1774513458,0,0,0,0
1774513459,0,0,0,0
1774513460,0,0,0,0
1774513461,0,0,0,0
1774513462,0,0,0,0
1774513463,0,0,0,0
1774513464,0,0,0,0
1774513465,0,0,0,0
1774513466,0,0,0,0
1774513467,0,0,0,0
1774513468,0,0,0,0
1774513469,0,0,0,0
1774513470,0,0,0,0
1774513471,0,0,0,0
1774513472,0,0,0,0
1774513473,0,0,0,0
1774513474,0,0,0,0
1774513475,0,0,0,0
1774513476,0,0,0,0
1774513477,0,0,0,0
1774513478,0,0,0,0
1774513479,0,0,0,0
1774513480,0,0,0,0
1774513481,0,0,0,0
1774513482,0,0,0,0
1774513484,0,0,0,0
1774513485,0,0,0,0
1774513486,0,0,0,0
1774513487,0,0,0,0
1774513488,0,0,0,0
1774513489,0,0,0,0
1774513490,0,0,0,0
1774513491,0,0,0,0
1774513492,0,0,0,0
1774513493,0,0,0,0
1774513494,0,0,0,0
1774513495,0,0,0,0
1774513496,0,0,0,0
1774513497,0,0,0,0
1774513498,0,0,0,0
1774513499,0,0,0,0
1774513500,0,0,0,0
1774513501,0,0,0,0
1774513502,0,0,0,0
1774513503,0,0,0,0
1774513504,0,0,0,0
1774513505,0,0,0,0
1774513506,0,0,0,0
1774513507,0,0,0,0
1774513508,0,0,0,0
1774513509,0,0,0,0
1774513510,0,0,0,0
1774513511,0,0,0,0
1774513512,0,0,0,0
1774513513,0,0,0,0
1774513514,0,0,0,0
1774513515,0,0,0,0
1774513516,0,0,0,0
1774513517,0,0,0,0
1774513518,0,0,0,0
1774513519,0,0,0,0
1774513520,0,0,0,0
1774513521,0,0,0,0
1774513522,0,0,0,0
1774513523,0,0,0,0
1774513524,0,0,0,0
1774513525,0,0,0,0
1774513526,0,0,0,0
1774513527,0,0,0,0
1774513528,0,0,0,0
1774513529,0,0,0,0
1774513530,0,0,0,0
1774513531,0,0,0,0
1774513532,0,0,0,0
1774513533,0,0,0,0
1774513534,0,0,0,0
1774513535,0,0,0,0
1774513536,0,0,0,0
1774513537,0,0,0,0
1774513538,0,0,0,0
1774513539,0,0,0,0
1774513540,0,0,0,0
1774513541,0,0,0,0
1774513543,0,0,0,0
1774513544,0,0,0,0
1774513545,0,0,0,0
1774513546,0,0,0,0
1774513547,0,0,0,0
1774513548,0,0,0,0
1774513549,0,0,0,0
1774513550,0,0,0,0
1774513551,0,0,0,0
1774513552,0,0,0,0
1774513553,0,0,0,0
1774513554,0,0,0,0
1774513555,0,0,0,0
1774513556,0,0,0,0
1774513557,0,0,0,0
1774513558,0,0,0,0
1774513559,0,0,0,0
1774513560,0,0,0,0
1774513561,0,0,0,0
1774513562,0,0,0,0
1774513563,0,0,0,0
1774513564,0,0,0,0
1774513565,0,0,0,0
1774513566,0,0,0,0
1774513567,0,0,0,0
1774513568,0,0,0,0
1774513569,0,0,0,0
1774513570,0,0,0,0
1774513571,0,0,0,0
1774513572,0,0,0,0
1774513573,0,0,0,0
1774513574,0,0,0,0
1774513575,0,0,0,0
1774513576,0,0,0,0
1774513577,0,0,0,0
1774513578,0,0,0,0
1774513579,0,0,0,0
1774513580,0,0,0,0
1774513581,0,0,0,0
1774513582,0,0,0,0
1774513583,0,0,0,0
1774513584,0,0,0,0
1774513585,0,0,0,0
1774513586,0,0,0,0
1774513587,0,0,0,0
1774513588,0,0,0,0
1774513589,0,0,0,0
1774513590,0,0,0,0
1774513591,0,0,0,0
1774513592,0,0,0,0
1774513593,0,0,0,0
1774513594,0,0,0,0
1774513595,0,0,0,0
1774513596,0,0,0,0
1774513597,0,0,0,0
1774513598,0,0,0,0
1774513599,0,0,0,0
1774513600,0,0,0,0
1774513601,0,0,0,0
1774513603,0,0,0,0
1774513604,0,0,0,0
1774513605,0,0,0,0
1774513606,0,0,0,0
1774513607,0,0,0,0
1774513608,0,0,0,0
1774513609,0,0,0,0
1774513610,0,0,0,0
1774513611,0,0,0,0
1774513612,0,0,0,0
1774513613,0,0,0,0
1774513614,0,0,0,0
1774513615,0,0,0,0
1774513616,0,0,0,0
1774513617,0,0,0,0
1774513618,0,0,0,0
1774513619,0,0,0,0
1774513620,0,0,0,0
1774513621,0,0,0,0
1774513622,0,0,0,0
1774513623,0,0,0,0
1774513624,0,0,0,0
1774513625,0,0,0,0
1774513626,0,0,0,0
1774513627,0,0,0,0
1774513628,0,0,0,0
1774513629,0,0,0,0
1774513630,0,0,0,0
1774513631,0,0,0,0
1774513632,0,0,0,0
1774513633,0,0,0,0
1774513634,0,0,0,0
1774513635,0,0,0,0
1774513636,0,0,0,0
1774513637,0,0,0,0
1774513638,0,0,0,0
1774513639,0,0,0,0
1774513640,0,0,0,0
1774513641,0,0,0,0
1774513642,0,0,0,0
1774513643,0,0,0,0
1774513644,0,0,0,0
1774513645,0,0,0,0
1774513646,0,0,0,0
1774513647,0,0,0,0
1774513648,0,0,0,0
1774513649,0,0,0,0
1774513650,0,0,0,0
1774513651,0,0,0,0
1774513652,0,0,0,0
1774513653,0,0,0,0
1774513654,0,0,0,0
1774513655,0,0,0,0
1774513656,0,0,0,0
1774513657,0,0,0,0
1774513658,0,0,0,0
1774513659,0,0,0,0
1774513660,0,0,0,0
1774513662,0,0,0,0
1774513663,0,0,0,0
1774513664,0,0,0,0
1774513665,0,0,0,0
1774513666,0,0,0,0
1774513667,0,0,0,0
1774513668,0,0,0,0
1774513669,0,0,0,0
1774513670,0,0,0,0
1774513671,0,0,0,0
1774513672,0,0,0,0
1774513673,0,0,0,0
1774513674,0,0,0,0
1774513675,0,0,0,0
1774513676,0,0,0,0
1774513677,0,0,0,0
1774513678,0,0,0,0
1774513679,0,0,0,0
1774513680,0,0,0,0
1774513681,0,0,0,0
1774513682,0,0,0,0
1774513683,0,0,0,0
1774513684,0,0,0,0
1774513685,0,0,0,0
1774513686,0,0,0,0
1774513687,0,0,0,0
1774513688,0,0,0,0
1774513689,0,0,0,0
1774513690,0,0,0,0
1774513691,0,0,0,0
1774513692,0,0,0,0
1774513693,0,0,0,0
1774513694,0,0,0,0
1774513695,0,0,0,0
1774513696,0,0,0,0
1774513697,0,0,0,0
1774513698,0,0,0,0
1774513699,0,0,0,0
1774513700,0,0,0,0
1774513701,0,0,0,0
1774513702,0,0,0,0
1774513703,0,0,0,0
1774513704,0,0,0,0
1774513705,0,0,0,0
1774513706,0,0,0,0
1774513707,0,0,0,0
1774513708,0,0,0,0
1774513709,0,0,0,0
1774513710,0,0,0,0
1774513711,0,0,0,0
1774513712,0,0,0,0
1774513713,0,0,0,0
1774513714,0,0,0,0
1774513715,0,0,0,0
1774513716,0,0,0,0
1774513717,0,0,0,0
1774513719,0,0,0,0
1774513720,0,0,0,0
1774513721,0,0,0,0
1774513722,0,0,0,0
1774513723,0,0,0,0
1774513724,0,0,0,0
1774513725,0,0,0,0
1774513726,0,0,0,0
1774513727,0,0,0,0
1774513728,0,0,0,0
1774513729,0,0,0,0
1774513730,0,0,0,0
1774513731,0,0,0,0
1774513732,0,0,0,0
1774513733,0,0,0,0
1774513734,0,0,0,0
1774513735,0,0,0,0
1774513736,0,0,0,0
1774513737,0,0,0,0
1774513738,0,0,0,0
1774513739,0,0,0,0
1774513740,0,0,0,0
1774513741,0,0,0,0
1774513742,0,0,0,0
1774513743,0,0,0,0
1774513744,0,0,0,0
1774513745,0,0,0,0
1774513746,0,0,0,0
1774513747,0,0,0,0
1774513748,0,0,0,0
1774513749,0,0,0,0
1774513750,0,0,0,0
1774513751,0,0,0,0
1774513752,0,0,0,0
1774513753,0,0,0,0
1774513754,0,0,0,0
1774513755,0,0,0,0
1774513756,0,0,0,0
1774513757,0,0,0,0
1774513758,0,0,0,0
1774513759,0,0,0,0
1774513760,0,0,0,0
1774513761,0,0,0,0
1774513762,0,0,0,0
1774513763,0,0,0,0
1774513764,0,0,0,0
1774513765,0,0,0,0
1774513766,0,0,0,0
1774513767,0,0,0,0
1774513768,0,0,0,0
1774513769,0,0,0,0
1774513770,0,0,0,0
1774513771,0,0,0,0
1774513773,0,0,0,0
1774513774,0,0,0,0
1774513775,0,0,0,0
1774513776,0,0,0,0
1774513777,0,0,0,0
1774513778,0,0,0,0
1774513779,0,0,0,0
1774513780,0,0,0,0
1774513781,0,0,0,0
1774513782,0,0,0,0
1774513783,0,0,0,0
1774513784,0,0,0,0
1774513785,0,0,0,0
1774513786,0,0,0,0
1774513787,0,0,0,0
1774513788,0,0,0,0
1774513789,0,0,0,0
1774513790,0,0,0,0
1774513791,0,0,0,0
1774513792,0,0,0,0
1774513793,0,0,0,0
1774513794,0,0,0,0
1774513795,0,0,0,0
1774513796,0,0,0,0
1774513797,0,0,0,0
1774513798,0,0,0,0
1774513799,0,0,0,0
1774513800,0,0,0,0
1774513801,0,0,0,0
1774513802,0,0,0,0
1774513803,0,0,0,0
1774513804,0,0,0,0
1774513805,0,0,0,0
1774513806,0,0,0,0
1774513807,0,0,0,0
1774513808,0,0,0,0
1774513809,0,0,0,0
1774513810,0,0,0,0
1774513811,0,0,0,0
1774513812,0,0,0,0
1774513813,0,0,0,0
1774513814,0,0,0,0
1774513815,0,0,0,0
1774513816,0,0,0,0
1774513817,0,0,0,0
1774513818,0,0,0,0
1774513819,0,0,0,0
1774513820,0,0,0,0
1774513821,0,0,0,0
1774513822,0,0,0,0
1774513823,0,0,0,0
1774513824,0,0,0,0
1774513825,0,0,0,0
1774513826,0,0,0,0
1774513827,0,0,0,0
1774513828,0,0,0,0
1774513829,0,0,0,0
1774513830,0,0,0,0
1774513831,0,0,0,0
1774513832,0,0,0,0
1774513833,0,0,0,0
1774513834,0,0,0,0
1774513835,0,0,0,0
1774513836,0,0,0,0
1774513837,0,0,0,0
1774513839,0,0,0,0
1774513840,0,0,0,0
1774513841,0,0,0,0
1774513842,0,0,0,0
1774513843,0,0,0,0
1774513844,0,0,0,0
1774513845,0,0,0,0
1774513846,0,0,0,0
1774513847,0,0,0,0
1774513848,0,0,0,0
1774513849,0,0,0,0
1774513850,0,0,0,0
1774513851,0,0,0,0
1774513852,0,0,0,0
1774513853,0,0,0,0
1774513854,0,0,0,0
1774513855,0,0,0,0
1774513856,0,0,0,0
1774513857,0,0,0,0
1774513858,0,0,0,0
1774513859,0,0,0,0
1774513860,0,0,0,0
1774513861,0,0,0,0
1774513862,0,0,0,0
1774513863,0,0,0,0
1774513864,0,0,0,0
1774513865,0,0,0,0
1774513866,0,0,0,0
1774513867,0,0,0,0
1774513868,0,0,0,0
1774513869,0,0,0,0
1774513870,0,0,0,0
1774513871,0,0,0,0
1774513872,0,0,0,0
1774513873,0,0,0,0
1774513874,0,0,0,0
1774513875,0,0,0,0
1774513876,0,0,0,0
1774513877,0,0,0,0
1774513878,0,0,0,0
1774513879,0,0,0,0
1774513880,0,0,0,0
1774513881,0,0,0,0
1774513882,0,0,0,0
1774513883,0,0,0,0
1774513884,0,0,0,0
1774513885,0,0,0,0
1774513886,0,0,0,0
1774513887,0,0,0,0
1774513888,0,0,0,0
1774513889,0,0,0,0
1774513890,0,0,0,0
1774513891,0,0,0,0
1774513892,0,0,0,0
1774513893,0,0,0,0
1774513894,0,0,0,0
1774513895,0,0,0,0
1774513896,0,0,0,0
1774513897,0,0,0,0
1774513898,0,0,0,0
1774513899,0,0,0,0
1774513900,0,0,0,0
1774513901,0,0,0,0
1774513902,0,0,0,0
1774513903,0,0,0,0
1774513904,0,0,0,0
1774513905,0,0,0,0
1774513907,0,0,0,0
1774513908,0,0,0,0
1774513909,0,0,0,0
1774513910,0,0,0,0
1774513911,0,0,0,0
1774513912,0,0,0,0
1774513913,0,0,0,0
1774513914,0,0,0,0
1774513915,0,0,0,0
1774513916,0,0,0,0
1774513917,0,0,0,0
1774513918,0,0,0,0
1774513919,0,0,0,0
1774513920,0,0,0,0
1774513921,0,0,0,0
1774513922,0,0,0,0
1774513923,0,0,0,0
1774513924,0,0,0,0
1774513925,0,0,0,0
1774513926,0,0,0,0
1774513927,0,0,0,0
1774513928,0,0,0,0
1774513929,0,0,0,0
1774513930,0,0,0,0
1774513931,0,0,0,0
1774513932,0,0,0,0
1774513933,0,0,0,0
1774513934,0,0,0,0
1774513935,0,0,0,0
1774513936,0,0,0,0
1774513937,0,0,0,0
1774513938,0,0,0,0
1774513939,0,0,0,0
1774513940,0,0,0,0
1774513941,0,0,0,0
1774513942,0,0,0,0
1774513943,0,0,0,0
1774513944,0,0,0,0
1774513945,0,0,0,0
1774513946,0,0,0,0
1774513947,0,0,0,0
1774513948,0,0,0,0
1774513949,0,0,0,0
1774513950,0,0,0,0
1774513951,0,0,0,0
1774513952,0,0,0,0
1774513953,0,0,0,0
1774513954,0,0,0,0
1774513955,0,0,0,0
1774513956,0,0,0,0
1774513957,0,0,0,0
1774513958,0,0,0,0
1774513959,0,0,0,0
1774513960,0,0,0,0
1774513961,0,0,0,0
1774513962,0,0,0,0
1774513963,0,0,0,0
1774513964,0,0,0,0
1774513965,0,0,0,0
1774513966,0,0,0,0
1774513967,0,0,0,0
1774513968,0,0,0,0
1774513969,0,0,0,0
1774513970,0,0,0,0
1774513972,0,0,0,0
1774513973,0,0,0,0
1774513974,0,0,0,0
1774513975,0,0,0,0
1774513976,0,0,0,0
1774513977,0,0,0,0
1774513978,0,0,0,0
1774513979,0,0,0,0
1774513980,0,0,0,0
1774513981,0,0,0,0
1774513982,0,0,0,0
1774513983,0,0,0,0
1774513984,0,0,0,0
1774513985,0,0,0,0
1774513986,0,0,0,0
1774513987,0,0,0,0
1774513988,0,0,0,0
1774513989,0,0,0,0
1774513990,0,0,0,0
1774513991,0,0,0,0
1774513992,0,0,0,0
1774513993,0,0,0,0
1774513994,0,0,0,0
1774513995,0,0,0,0
1774513996,0,0,0,0
1774513997,0,0,0,0
1774513998,0,0,0,0
1774513999,0,0,0,0
1774514000,0,0,0,0
1774514001,0,0,0,0
1774514002,0,0,0,0
1774514003,0,0,0,0
1774514004,0,0,0,0
1774514005,0,0,0,0
1774514006,0,0,0,0
1774514007,0,0,0,0
1774514008,0,0,0,0
1774514009,0,0,0,0
1774514010,0,0,0,0
1774514011,0,0,0,0
1774514012,0,0,0,0
1774514013,0,0,0,0
1774514014,0,0,0,0
1774514015,0,0,0,0
1774514016,0,0,0,0
1774514017,0,0,0,0
1774514018,0,0,0,0
1774514019,0,0,0,0
1774514020,0,0,0,0
1774514021,0,0,0,0
1774514022,0,0,0,0
1774514023,0,0,0,0
1774514024,0,0,0,0
1774514025,0,0,0,0
1774514026,0,0,0,0
1774514027,0,0,0,0
1774514028,0,0,0,0
1774514029,0,0,0,0
1774514030,0,0,0,0
1774514031,0,0,0,0
1774514032,0,0,0,0
1774514033,0,0,0,0
1774514034,0,0,0,0
1774514036,0,0,0,0
1774514037,0,0,0,0
1774514038,0,0,0,0
1774514039,0,0,0,0
1774514040,0,0,0,0
1774514041,0,0,0,0
1774514042,0,0,0,0
1774514043,0,0,0,0
1774514044,0,0,0,0
1774514045,0,0,0,0
1774514046,0,0,0,0
1774514047,0,0,0,0
1774514048,0,0,0,0
1774514049,0,0,0,0
1774514050,0,0,0,0
1774514051,0,0,0,0
1774514052,0,0,0,0
1774514053,0,0,0,0
1774514054,0,0,0,0
1774514055,0,0,0,0
1774514056,0,0,0,0
1774514057,0,0,0,0
1774514058,0,0,0,0
1774514059,0,0,0,0
1774514060,0,0,0,0
1774514061,0,0,0,0
1774514062,0,0,0,0
1774514063,0,0,0,0
1774514064,0,0,0,0
1774514065,0,0,0,0
1774514066,0,0,0,0
1774514067,0,0,0,0
1774514068,0,0,0,0
1774514069,0,0,0,0
1774514070,0,0,0,0
1774514071,0,0,0,0
1774514072,0,0,0,0
1774514073,0,0,0,0
1774514074,0,0,0,0
1774514075,0,0,0,0
1774514076,0,0,0,0
1774514077,0,0,0,0
1774514078,0,0,0,0
1774514079,0,0,0,0
1774514080,0,0,0,0
1774514081,0,0,0,0
1774514082,0,0,0,0
1774514083,0,0,0,0
1774514084,0,0,0,0
1774514085,0,0,0,0
1774514086,0,0,0,0
1774514087,0,0,0,0
1774514088,0,0,0,0
1774514089,0,0,0,0
1774514090,0,0,0,0
1774514091,0,0,0,0
1774514092,0,0,0,0
1774514094,0,0,0,0
1774514095,0,0,0,0
1774514096,0,0,0,0
1774514097,0,0,0,0
1774514098,0,0,0,0
1774514099,0,0,0,0
1774514100,0,0,0,0
1774514101,0,0,0,0
1774514102,0,0,0,0
1774514103,0,0,0,0
1774514104,0,0,0,0
1774514105,0,0,0,0
1774514106,0,0,0,0
1774514107,0,0,0,0
1774514108,0,0,0,0
1774514109,0,0,0,0
1774514110,0,0,0,0
1774514111,0,0,0,0
1774514112,0,0,0,0
1774514113,0,0,0,0
1774514114,0,0,0,0
1774514115,0,0,0,0
1774514116,0,0,0,0
1774514117,0,0,0,0
1774514118,0,0,0,0
1774514119,0,0,0,0
1774514120,0,0,0,0
1774514121,0,0,0,0
1774514122,0,0,0,0
1774514123,0,0,0,0
1774514124,0,0,0,0
1774514125,0,0,0,0
1774514126,0,0,0,0
1774514127,0,0,0,0
1774514128,0,0,0,0
1774514129,0,0,0,0
1774514130,0,0,0,0
1774514131,0,0,0,0
1774514132,0,0,0,0
1774514133,0,0,0,0
1774514134,0,0,0,0
1774514135,0,0,0,0
1774514136,0,0,0,0
1774514137,0,0,0,0
1774514138,0,0,0,0
1774514139,0,0,0,0
1774514140,0,0,0,0
1774514141,0,0,0,0
1774514142,0,0,0,0
1774514143,0,0,0,0
1774514144,0,0,0,0
1774514145,0,0,0,0
1774514146,0,0,0,0
1774514147,0,0,0,0
1774514148,0,0,0,0
1774514149,0,0,0,0
1774514150,0,0,0,0
1774514151,0,0,0,0
1774514153,0,0,0,0
1774514154,0,0,0,0
1774514155,0,0,0,0
1774514156,0,0,0,0
1774514157,0,0,0,0
1774514158,0,0,0,0
1774514159,0,0,0,0
1774514160,0,0,0,0
1774514161,0,0,0,0
1774514162,0,0,0,0
1774514163,0,0,0,0
1774514164,0,0,0,0
1774514165,0,0,0,0
1774514166,0,0,0,0
1774514167,0,0,0,0
1774514168,0,0,0,0
1774514169,0,0,0,0
1774514170,0,0,0,0
1774514171,0,0,0,0
1774514172,0,0,0,0
1774514173,0,0,0,0
1774514174,0,0,0,0
1774514175,0,0,0,0
1774514176,0,0,0,0
1774514177,0,0,0,0
1774514178,0,0,0,0
1774514179,0,0,0,0
1774514180,0,0,0,0
1774514181,0,0,0,0
1774514182,0,0,0,0
1774514183,0,0,0,0
1774514184,0,0,0,0
1774514185,0,0,0,0
1774514186,0,0,0,0
1774514187,0,0,0,0
1774514188,0,0,0,0
1774514189,0,0,0,0
1774514190,0,0,0,0
1774514191,0,0,0,0
1774514192,0,0,0,0
1774514193,0,0,0,0
1774514194,0,0,0,0
1774514195,0,0,0,0
1774514196,0,0,0,0
1774514197,0,0,0,0
1774514198,0,0,0,0
1774514199,0,0,0,0
1774514200,0,0,0,0
1774514201,0,0,0,0
1774514202,0,0,0,0
1774514203,0,0,0,0
1774514204,0,0,0,0
1774514205,0,0,0,0
1774514206,0,0,0,0
1774514207,0,0,0,0
1774514208,0,0,0,0
1774514209,0,0,0,0
1774514210,0,0,0,0
1774514211,0,0,0,0
1774514213,0,0,0,0
1774514214,0,0,0,0
1774514215,0,0,0,0
1774514216,0,0,0,0
1774514217,0,0,0,0
1774514218,0,0,0,0
1774514219,0,0,0,0
1774514220,0,0,0,0
1774514221,0,0,0,0
1774514222,0,0,0,0
1774514223,0,0,0,0
1774514224,0,0,0,0
1774514225,0,0,0,0
1774514226,0,0,0,0
1774514227,0,0,0,0
1774514228,0,0,0,0
1774514229,0,0,0,0
1774514230,0,0,0,0
1774514231,0,0,0,0
1774514232,0,0,0,0
1774514233,0,0,0,0
1774514234,0,0,0,0
1774514235,0,0,0,0
1774514236,0,0,0,0
1774514237,0,0,0,0
1774514238,0,0,0,0
1774514239,0,0,0,0
1774514240,0,0,0,0
1774514241,0,0,0,0
1774514242,0,0,0,0
1774514243,0,0,0,0
1774514244,0,0,0,0
1774514245,0,0,0,0
1774514246,0,0,0,0
1774514247,0,0,0,0
1774514248,0,0,0,0
1774514249,0,0,0,0
1774514250,0,0,0,0
1774514251,0,0,0,0
1774514252,0,0,0,0
1774514253,0,0,0,0
1774514254,0,0,0,0
1774514255,0,0,0,0
1774514256,0,0,0,0
1774514257,0,0,0,0
1774514258,0,0,0,0
1774514259,0,0,0,0
1774514260,0,0,0,0
1774514261,0,0,0,0
1774514262,0,0,0,0
1774514263,0,0,0,0
1774514264,0,0,0,0
1774514265,0,0,0,0
1774514266,0,0,0,0
1774514267,0,0,0,0
1774514269,0,0,0,0
1774514270,0,0,0,0
1774514271,0,0,0,0
1774514272,0,0,0,0
1774514273,0,0,0,0
1774514274,0,0,0,0
1774514275,0,0,0,0
1774514276,0,0,0,0
1774514277,0,0,0,0
1774514278,0,0,0,0
1774514279,0,0,0,0
1774514280,0,0,0,0
1774514281,0,0,0,0
1774514282,0,0,0,0
1774514283,0,0,0,0
1774514284,0,0,0,0
1774514285,0,0,0,0
1774514286,0,0,0,0
1774514287,0,0,0,0
1774514288,0,0,0,0
1774514289,0,0,0,0
1774514290,0,0,0,0
1774514291,0,0,0,0
1774514292,0,0,0,0
1774514293,0,0,0,0
1774514294,0,0,0,0
1774514295,0,0,0,0
1774514296,0,0,0,0
1774514297,0,0,0,0
1774514298,0,0,0,0
1774514299,0,0,0,0
1774514300,0,0,0,0
1774514301,0,0,0,0
1774514302,0,0,0,0
1774514303,0,0,0,0
1774514304,0,0,0,0
1774514305,0,0,0,0
1774514306,0,0,0,0
1774514307,0,0,0,0
1774514308,0,0,0,0
1774514309,0,0,0,0
1774514310,0,0,0,0
1774514311,0,0,0,0
1774514312,0,0,0,0
1774514313,0,0,0,0
1774514314,0,0,0,0
1774514315,0,0,0,0
1774514316,0,0,0,0
1774514317,0,0,0,0
1774514318,0,0,0,0
1774514319,0,0,0,0
1774514320,0,0,0,0
1774514321,0,0,0,0
1774514322,0,0,0,0
1774514323,0,0,0,0
1774514324,0,0,0,0
1774514325,0,0,0,0
1774514326,0,0,0,0
1774514327,0,0,0,0
1774514328,0,0,0,0
1774514330,0,0,0,0
1774514331,0,0,0,0
1774514332,0,0,0,0
1774514333,0,0,0,0
1774514334,0,0,0,0
1774514335,0,0,0,0
1774514336,0,0,0,0
1774514337,0,0,0,0
1774514338,0,0,0,0
1774514339,0,0,0,0
1774514340,0,0,0,0
1774514341,0,0,0,0
1774514342,0,0,0,0
1774514343,0,0,0,0
1774514344,0,0,0,0
1774514345,0,0,0,0
1774514346,0,0,0,0
1774514347,0,0,0,0
1774514348,0,0,0,0
1774514349,0,0,0,0
1774514350,0,0,0,0
1774514351,0,0,0,0
1774514352,0,0,0,0
1774514353,0,0,0,0
1774514354,0,0,0,0
1774514355,0,0,0,0
1774514356,0,0,0,0
1774514357,0,0,0,0
1774514358,0,0,0,0
1774514359,0,0,0,0
1774514360,0,0,0,0
1774514361,0,0,0,0
1774514362,0,0,0,0
1774514363,0,0,0,0
1774514364,0,0,0,0
1774514365,0,0,0,0
1774514366,0,0,0,0
1774514367,0,0,0,0
1774514368,0,0,0,0
1774514369,0,0,0,0
1774514370,0,0,0,0
1774514371,0,0,0,0
1774514372,0,0,0,0
1774514373,0,0,0,0
1774514374,0,0,0,0
1774514375,0,0,0,0
1774514376,0,0,0,0
1774514377,0,0,0,0
1774514378,0,0,0,0
1774514379,0,0,0,0
1774514380,0,0,0,0
1774514382,0,0,0,0
1774514383,0,0,0,0
1774514384,0,0,0,0
1774514385,0,0,0,0
1774514386,0,0,0,0
1774514387,0,0,0,0
1774514388,0,0,0,0
1774514389,0,0,0,0
1774514390,0,0,0,0
1774514391,0,0,0,0
1774514392,0,0,0,0
1774514393,0,0,0,0
1774514394,0,0,0,0
1774514395,0,0,0,0
1774514396,0,0,0,0
1774514397,0,0,0,0
1774514398,0,0,0,0
1774514399,0,0,0,0
1774514400,0,0,0,0
1774514401,0,0,0,0
1774514402,0,0,0,0
1774514403,0,0,0,0
1774514404,0,0,0,0
1774514405,0,0,0,0
1774514406,0,0,0,0
1774514407,0,0,0,0
1774514408,0,0,0,0
1774514409,0,0,0,0
1774514410,0,0,0,0
1774514411,0,0,0,0
1774514412,0,0,0,0
1774514413,0,0,0,0
1774514414,0,0,0,0
1774514415,0,0,0,0
1774514416,0,0,0,0
1774514417,0,0,0,0
1774514418,0,0,0,0
1774514419,0,0,0,0
1774514420,0,0,0,0
1774514421,0,0,0,0
1774514422,0,0,0,0
1774514423,0,0,0,0
1774514424,0,0,0,0
1774514425,0,0,0,0
1774514426,0,0,0,0
1774514427,0,0,0,0
1774514428,0,0,0,0
1774514429,0,0,0,0
1774514430,0,0,0,0
1774514431,0,0,0,0
1774514432,0,0,0,0
1774514433,0,0,0,0
1774514434,0,0,0,0
1774514435,0,0,0,0
1774514437,0,0,0,0
1774514438,0,0,0,0
1774514439,0,0,0,0
1774514440,0,0,0,0
1774514441,0,0,0,0
1774514442,0,0,0,0
1774514443,0,0,0,0
1774514444,0,0,0,0
1774514445,0,0,0,0
1774514446,0,0,0,0
1774514447,0,0,0,0
1774514448,0,0,0,0
1774514449,0,0,0,0
1774514450,0,0,0,0
1774514451,0,0,0,0
1774514452,0,0,0,0
1774514453,0,0,0,0
1774514454,0,0,0,0
1774514455,0,0,0,0
1774514456,0,0,0,0
1774514457,0,0,0,0
1774514458,0,0,0,0
1774514459,0,0,0,0
1774514460,0,0,0,0
1774514461,0,0,0,0
1774514462,0,0,0,0
1774514463,0,0,0,0
1774514464,0,0,0,0
1774514465,0,0,0,0
1774514466,0,0,0,0
1774514467,0,0,0,0
1774514468,0,0,0,0
1774514469,0,0,0,0
1774514470,0,0,0,0
1774514471,0,0,0,0
1774514472,0,0,0,0
1774514473,0,0,0,0
1774514474,0,0,0,0
1774514475,0,0,0,0
1774514476,0,0,0,0
1774514477,0,0,0,0
1774514478,0,0,0,0
1774514479,0,0,0,0
1774514480,0,0,0,0
1774514481,0,0,0,0
1774514482,0,0,0,0
1774514483,0,0,0,0
1774514484,0,0,0,0
1774514485,0,0,0,0
1774514486,0,0,0,0
1774514487,0,0,0,0
1774514488,0,0,0,0
1774514489,0,0,0,0
1774514490,0,0,0,0
1774514491,0,0,0,0
1774514492,0,0,0,0
1774514493,0,0,0,0
1774514495,0,0,0,0
1774514496,0,0,0,0
1774514497,0,0,0,0
1774514498,0,0,0,0
1774514499,0,0,0,0
1774514500,0,0,0,0
1774514501,0,0,0,0
1774514502,0,0,0,0
1774514503,0,0,0,0
1774514504,0,0,0,0
1774514505,0,0,0,0
1774514506,0,0,0,0
1774514507,0,0,0,0
1774514508,0,0,0,0
1774514509,0,0,0,0
1774514510,0,0,0,0
1774514511,0,0,0,0
1774514512,0,0,0,0
1774514513,0,0,0,0
1774514514,0,0,0,0
1774514515,0,0,0,0
1774514516,0,0,0,0
1774514517,0,0,0,0
1774514518,0,0,0,0
1774514519,0,0,0,0
1774514520,0,0,0,0
1774514521,0,0,0,0
1774514522,0,0,0,0
1774514523,0,0,0,0
1774514524,0,0,0,0
1774514525,0,0,0,0
1774514526,0,0,0,0
1774514527,0,0,0,0
1774514528,0,0,0,0
1774514529,0,0,0,0
1774514530,0,0,0,0
1774514531,0,0,0,0
1774514532,0,0,0,0
1774514533,0,0,0,0
1774514534,0,0,0,0
1774514535,0,0,0,0
1774514536,0,0,0,0
1774514537,0,0,0,0
1774514538,0,0,0,0
1774514539,0,0,0,0
1774514540,0,0,0,0
1774514541,0,0,0,0
1774514542,0,0,0,0
1774514543,0,0,0,0
1774514544,0,0,0,0
1774514545,0,0,0,0
1774514546,0,0,0,0
1774514547,0,0,0,0
1774514548,0,0,0,0
1774514550,0,0,0,0
1774514551,0,0,0,0
1774514552,0,0,0,0
1774514553,0,0,0,0
1774514554,0,0,0,0
1774514555,0,0,0,0
1774514556,0,0,0,0
1774514557,0,0,0,0
1774514558,0,0,0,0
1774514559,0,0,0,0
1774514560,0,0,0,0
1774514561,0,0,0,0
1774514562,0,0,0,0
1774514563,0,0,0,0
1774514564,0,0,0,0
1774514565,0,0,0,0
1774514566,0,0,0,0
1774514567,0,0,0,0
1774514568,0,0,0,0
1774514569,0,0,0,0
1774514570,0,0,0,0
1774514571,0,0,0,0
1774514572,0,0,0,0
1774514573,0,0,0,0
1774514574,0,0,0,0
1774514575,0,0,0,0
1774514576,0,0,0,0
1774514577,0,0,0,0
1774514578,0,0,0,0
1774514579,0,0,0,0
1774514580,0,0,0,0
1774514581,0,0,0,0
1774514582,0,0,0,0
1774514583,0,0,0,0
1774514584,0,0,0,0
1774514585,0,0,0,0
1774514586,0,0,0,0
1774514587,0,0,0,0
1774514588,0,0,0,0
1774514589,0,0,0,0
1774514590,0,0,0,0
1774514591,0,0,0,0
1774514592,0,0,0,0
1774514593,0,0,0,0
1774514594,0,0,0,0
1774514595,0,0,0,0
1774514596,0,0,0,0
1774514597,0,0,0,0
1774514598,0,0,0,0
1774514599,0,0,0,0
1774514600,0,0,0,0
1774514601,0,0,0,0
1774514602,0,0,0,0
1774514603,0,0,0,0
1774514604,0,0,0,0
1774514605,0,0,0,0
1774514606,0,0,0,0
1774514607,0,0,0,0
1774514608,0,0,0,0
1774514609,0,0,0,0
1774514610,0,0,0,0
1774514611,0,0,0,0
1774514612,0,0,0,0
1774514613,0,0,0,0
1774514614,0,0,0,0
1774514615,0,0,0,0
1774514617,0,0,0,0
1774514618,0,0,0,0
1774514619,0,0,0,0
1774514620,0,0,0,0
1774514621,0,0,0,0
1774514622,0,0,0,0
1774514623,0,0,0,0
1774514624,0,0,0,0
1774514625,0,0,0,0
1774514626,0,0,0,0
1774514627,0,0,0,0
1774514628,0,0,0,0
1774514629,0,0,0,0
1774514630,0,0,0,0
1774514631,0,0,0,0
1774514632,0,0,0,0
1774514633,0,0,0,0
1774514634,0,0,0,0
1774514635,0,0,0,0
1774514636,0,0,0,0
1774514637,0,0,0,0
1774514638,0,0,0,0
1774514639,0,0,0,0
1774514640,0,0,0,0
1774514641,0,0,0,0
1774514642,0,0,0,0
1774514643,0,0,0,0
1774514644,0,0,0,0
1774514645,0,0,0,0
1774514646,0,0,0,0
1774514647,0,0,0,0
1774514648,0,0,0,0
1774514649,0,0,0,0
1774514650,0,0,0,0
1774514651,0,0,0,0
1774514652,0,0,0,0
1774514653,0,0,0,0
1774514654,0,0,0,0
1774514655,0,0,0,0
1774514656,0,0,0,0
1774514657,0,0,0,0
1774514658,0,0,0,0
1774514659,0,0,0,0
1774514660,0,0,0,0
1774514661,0,0,0,0
1774514662,0,0,0,0
1774514663,0,0,0,0
1774514664,0,0,0,0
1774514665,0,0,0,0
1774514666,0,0,0,0
1774514667,0,0,0,0
1774514668,0,0,0,0
1774514669,0,0,0,0
1774514670,0,0,0,0
1774514671,0,0,0,0
1774514672,0,0,0,0
1774514673,0,0,0,0
1774514675,0,0,0,0
1774514676,0,0,0,0
1774514677,0,0,0,0
1774514678,0,0,0,0
1774514679,0,0,0,0
1774514680,0,0,0,0
1774514681,0,0,0,0
1774514682,0,0,0,0
1774514683,0,0,0,0
1774514684,0,0,0,0
1774514685,0,0,0,0
1774514686,0,0,0,0
1774514687,0,0,0,0
1774514688,0,0,0,0
1774514689,0,0,0,0
1774514690,0,0,0,0
1774514691,0,0,0,0
1774514692,0,0,0,0
1774514693,0,0,0,0
1774514694,0,0,0,0
1774514695,0,0,0,0
1774514696,0,0,0,0
1774514697,0,0,0,0
1774514698,0,0,0,0
1774514699,0,0,0,0
1774514700,0,0,0,0
1774514701,0,0,0,0
1774514702,0,0,0,0
1774514703,0,0,0,0
1774514704,0,0,0,0
1774514705,0,0,0,0
1774514706,0,0,0,0
1774514707,0,0,0,0
1774514708,0,0,0,0
1774514709,0,0,0,0
1774514710,0,0,0,0
1774514711,0,0,0,0
1774514712,0,0,0,0
1774514713,0,0,0,0
1774514714,0,0,0,0
1774514715,0,0,0,0
1774514716,0,0,0,0
1774514717,0,0,0,0
1774514718,0,0,0,0
1774514719,0,0,0,0
1774514720,0,0,0,0
1774514721,0,0,0,0
1774514722,0,0,0,0
1774514723,0,0,0,0
1774514724,0,0,0,0
1774514725,0,0,0,0
1774514726,0,0,0,0
1774514727,0,0,0,0
1774514728,0,0,0,0
1774514729,0,0,0,0
1774514730,0,0,0,0
1774514731,0,0,0,0
1774514732,0,0,0,0
1774514733,0,0,0,0
1774514734,0,0,0,0
1774514735,0,0,0,0
1774514736,0,0,0,0
1774514738,0,0,0,0
1774514739,0,0,0,0
1774514740,0,0,0,0
1774514741,0,0,0,0
1774514742,0,0,0,0
1774514743,0,0,0,0
1774514744,0,0,0,0
1774514745,0,0,0,0
1774514746,0,0,0,0
1774514747,0,0,0,0
1774514748,0,0,0,0
1774514749,0,0,0,0
1774514750,0,0,0,0
1774514751,0,0,0,0
1774514752,0,0,0,0
1774514753,0,0,0,0
1774514754,0,0,0,0
1774514755,0,0,0,0
1774514756,0,0,0,0
1774514757,0,0,0,0
1774514758,0,0,0,0
1774514759,0,0,0,0
1774514760,0,0,0,0
1774514761,0,0,0,0
1774514762,0,0,0,0
1774514763,0,0,0,0
1774514764,0,0,0,0
1774514765,0,0,0,0
1774514766,0,0,0,0
1774514767,0,0,0,0
1774514768,0,0,0,0
1774514769,0,0,0,0
1774514770,0,0,0,0
1774514771,0,0,0,0
1774514772,0,0,0,0
1774514773,0,0,0,0
1774514774,0,0,0,0
1774514775,0,0,0,0
1774514776,0,0,0,0
1774514777,0,0,0,0
1774514778,0,0,0,0
1774514779,0,0,0,0
1774514780,0,0,0,0
1774514781,0,0,0,0
1774514782,0,0,0,0
1774514783,0,0,0,0
1774514784,0,0,0,0
1774514785,0,0,0,0
1774514786,0,0,0,0
1774514787,0,0,0,0
1774514788,0,0,0,0
1774514789,0,0,0,0
1774514790,0,0,0,0
1774514791,0,0,0,0
1774514792,0,0,0,0
1774514793,0,0,0,0
1774514794,0,0,0,0
1774514795,0,0,0,0
1774514797,0,0,0,0
1774514798,0,0,0,0
1774514799,0,0,0,0
1774514800,0,0,0,0
1774514801,0,0,0,0
1774514802,0,0,0,0
1774514803,0,0,0,0
1774514804,0,0,0,0
1774514805,0,0,0,0
1774514806,0,0,0,0
1774514807,0,0,0,0
1774514808,0,0,0,0
1774514809,0,0,0,0
1774514810,0,0,0,0
1774514811,0,0,0,0
1774514812,0,0,0,0
1774514813,0,0,0,0
1774514814,0,0,0,0
1774514815,0,0,0,0
1774514816,0,0,0,0
1774514817,0,0,0,0
1774514818,0,0,0,0
1774514819,0,0,0,0
1774514820,0,0,0,0
1774514821,0,0,0,0
1774514822,0,0,0,0
1774514823,0,0,0,0
1774514824,0,0,0,0
1774514825,0,0,0,0
1774514826,0,0,0,0
1774514827,0,0,0,0
1774514828,0,0,0,0
1774514829,0,0,0,0
1774514830,0,0,0,0
1774514831,0,0,0,0
1774514832,0,0,0,0
1774514833,0,0,0,0
1774514834,0,0,0,0
1774514835,0,0,0,0
1774514836,0,0,0,0
1774514837,0,0,0,0
1774514838,0,0,0,0
1774514839,0,0,0,0
1774514840,0,0,0,0
1774514841,0,0,0,0
1774514842,0,0,0,0
1774514843,0,0,0,0
1774514844,0,0,0,0
1774514845,0,0,0,0
1774514846,0,0,0,0
1774514847,0,0,0,0
1774514848,0,0,0,0
1774514849,0,0,0,0
1774514850,0,0,0,0
1774514851,0,0,0,0
1774514852,0,0,0,0
1774514853,0,0,0,0
1774514854,0,0,0,0
1774514855,0,0,0,0
1774514857,0,0,0,0
1774514858,0,0,0,0
1774514859,0,0,0,0
1774514860,0,0,0,0
1774514861,0,0,0,0
1774514862,0,0,0,0
1774514863,0,0,0,0
1774514864,0,0,0,0
1774514865,0,0,0,0
1774514866,0,0,0,0
1774514867,0,0,0,0
1774514868,0,0,0,0
1774514869,0,0,0,0
1774514870,0,0,0,0
1774514871,0,0,0,0
1774514872,0,0,0,0
1774514873,0,0,0,0
1774514874,0,0,0,0
1774514875,0,0,0,0
1774514876,0,0,0,0
1774514877,0,0,0,0
1774514878,0,0,0,0
1774514879,0,0,0,0
1774514880,0,0,0,0
1774514881,0,0,0,0
1774514882,0,0,0,0
1774514883,0,0,0,0
1774514884,0,0,0,0
1774514885,0,0,0,0
1774514886,0,0,0,0
1774514887,0,0,0,0
1774514888,0,0,0,0
1774514889,0,0,0,0
1774514890,0,0,0,0
1774514891,0,0,0,0
1774514892,0,0,0,0
1774514893,0,0,0,0
1774514894,0,0,0,0
1774514895,0,0,0,0
1774514896,0,0,0,0
1774514897,0,0,0,0
1774514898,0,0,0,0
1774514899,0,0,0,0
1774514900,0,0,0,0
1774514901,0,0,0,0
1774514902,0,0,0,0
1774514903,0,0,0,0
1774514904,0,0,0,0
1774514905,0,0,0,0
1774514906,0,0,0,0
1774514907,0,0,0,0
1774514908,0,0,0,0
1774514909,0,0,0,0
1774514910,0,0,0,0
1774514911,0,0,0,0
1774514912,0,0,0,0
1774514913,0,0,0,0
1774514915,0,0,0,0
1774514916,0,0,0,0
1774514917,0,0,0,0
1774514918,0,0,0,0
1774514919,0,0,0,0
1774514920,0,0,0,0
1774514921,0,0,0,0
1774514922,0,0,0,0
1774514923,0,0,0,0
1774514924,0,0,0,0
1774514925,0,0,0,0
1774514926,0,0,0,0
1774514927,0,0,0,0
1774514928,0,0,0,0
1774514929,0,0,0,0
1774514930,0,0,0,0
1774514931,0,0,0,0
1774514932,0,0,0,0
1774514933,0,0,0,0
1774514934,0,0,0,0
1774514935,0,0,0,0
1774514936,0,0,0,0
1774514937,0,0,0,0
1774514938,0,0,0,0
1774514939,0,0,0,0
1774514940,0,0,0,0
1774514941,0,0,0,0
1774514942,0,0,0,0
1774514943,0,0,0,0
1774514944,0,0,0,0
1774514945,0,0,0,0
1774514946,0,0,0,0
1774514947,0,0,0,0
1774514948,0,0,0,0
1774514949,0,0,0,0
1774514950,0,0,0,0
1774514951,0,0,0,0
1774514952,0,0,0,0
1774514953,0,0,0,0
1774514954,0,0,0,0
1774514955,0,0,0,0
1774514956,0,0,0,0
1774514957,0,0,0,0
1774514958,0,0,0,0
1774514959,0,0,0,0
1774514960,0,0,0,0
1774514961,0,0,0,0
1774514962,0,0,0,0
1774514963,0,0,0,0
1774514964,0,0,0,0
1774514965,0,0,0,0
1774514966,0,0,0,0
1774514967,0,0,0,0
1774514968,0,0,0,0
1774514970,0,0,0,0
1774514971,0,0,0,0
1774514972,0,0,0,0
1774514973,0,0,0,0
1774514974,0,0,0,0
1774514975,0,0,0,0
1774514976,0,0,0,0
1774514977,0,0,0,0
1774514978,0,0,0,0
1774514979,0,0,0,0
1774514980,0,0,0,0
1774514981,0,0,0,0
1774514982,0,0,0,0
1774514983,0,0,0,0
1774514984,0,0,0,0
1774514985,0,0,0,0
1774514986,0,0,0,0
1774514987,0,0,0,0
1774514988,0,0,0,0
1774514989,0,0,0,0
1774514990,0,0,0,0
1774514991,0,0,0,0
1774514992,0,0,0,0
1774514993,0,0,0,0
1774514994,0,0,0,0
1774514995,0,0,0,0
1774514996,0,0,0,0
1774514997,0,0,0,0
1774514998,0,0,0,0
1774514999,0,0,0,0
1774515000,0,0,0,0
1774515001,0,0,0,0
1774515002,0,0,0,0
1774515003,0,0,0,0
1774515004,0,0,0,0
1774515005,0,0,0,0
1774515006,0,0,0,0
1774515007,0,0,0,0
1774515008,0,0,0,0
1774515009,0,0,0,0
1774515010,0,0,0,0
1774515011,0,0,0,0
1774515012,0,0,0,0
1774515013,0,0,0,0
1774515014,0,0,0,0
1774515015,0,0,0,0
1774515016,0,0,0,0
1774515017,0,0,0,0
1774515018,0,0,0,0
1774515019,0,0,0,0
1774515020,0,0,0,0
1774515021,0,0,0,0
1774515023,0,0,0,0
1774515024,0,0,0,0
1774515025,0,0,0,0
1774515026,0,0,0,0
1774515027,0,0,0,0
1774515028,0,0,0,0
1774515029,0,0,0,0
1774515030,0,0,0,0
1774515031,0,0,0,0
1774515032,0,0,0,0
1774515033,0,0,0,0
1774515034,0,0,0,0
1774515035,0,0,0,0
1774515036,0,0,0,0
1774515037,0,0,0,0
1774515038,0,0,0,0
1774515039,0,0,0,0
1774515040,0,0,0,0
1774515041,0,0,0,0
1774515042,0,0,0,0
1774515043,0,0,0,0
1774515044,0,0,0,0
1774515045,0,0,0,0
1774515046,0,0,0,0
1774515047,0,0,0,0
1774515048,0,0,0,0
1774515049,0,0,0,0
1774515050,0,0,0,0
1774515051,0,0,0,0
1774515052,0,0,0,0
1774515053,0,0,0,0
1774515054,0,0,0,0
1774515055,0,0,0,0
1774515056,0,0,0,0
1774515057,0,0,0,0
1774515058,0,0,0,0
1774515059,0,0,0,0
1774515060,0,0,0,0
1774515061,0,0,0,0
1774515062,0,0,0,0
1774515063,0,0,0,0
1774515064,0,0,0,0
1774515065,0,0,0,0
1774515066,0,0,0,0
1774515067,0,0,0,0
1774515068,0,0,0,0
1774515069,0,0,0,0
1774515070,0,0,0,0
1774515071,0,0,0,0
1774515072,0,0,0,0
1774515073,0,0,0,0
1774515074,0,0,0,0
1774515075,0,0,0,0
1774515076,0,0,0,0
1774515077,0,0,0,0
1774515079,0,0,0,0
1774515080,0,0,0,0
1774515081,0,0,0,0
1774515082,0,0,0,0
1774515083,0,0,0,0
1774515084,0,0,0,0
1774515085,0,0,0,0
1774515086,0,0,0,0
1774515087,0,0,0,0
1774515088,0,0,0,0
1774515089,0,0,0,0
1774515090,0,0,0,0
1774515091,0,0,0,0
1774515092,0,0,0,0
1774515093,0,0,0,0
1774515094,0,0,0,0
1774515095,0,0,0,0
1774515096,0,0,0,0
1774515097,0,0,0,0
1774515098,0,0,0,0
1774515099,0,0,0,0
1774515100,0,0,0,0
1774515101,0,0,0,0
1774515102,0,0,0,0
1774515103,0,0,0,0
1774515104,0,0,0,0
1774515105,0,0,0,0
1774515106,0,0,0,0
1774515107,0,0,0,0
1774515108,0,0,0,0
1774515109,0,0,0,0
1774515110,0,0,0,0
1774515111,0,0,0,0
1774515112,0,0,0,0
1774515113,0,0,0,0
1774515114,0,0,0,0
1774515115,0,0,0,0
1774515116,0,0,0,0
1774515117,0,0,0,0
1774515118,0,0,0,0
1774515119,0,0,0,0
1774515120,0,0,0,0
1774515121,0,0,0,0
1774515122,0,0,0,0
1774515123,0,0,0,0
1774515124,0,0,0,0
1774515125,0,0,0,0
1774515126,0,0,0,0
1774515127,0,0,0,0
1774515128,0,0,0,0
1774515129,0,0,0,0
1774515131,0,0,0,0
1774515132,0,0,0,0
1774515133,0,0,0,0
1774515134,0,0,0,0
1774515135,0,0,0,0
1774515136,0,0,0,0
1774515137,0,0,0,0
1774515138,0,0,0,0
1774515139,0,0,0,0
1774515140,0,0,0,0
1774515141,0,0,0,0
1774515142,0,0,0,0
1774515143,0,0,0,0
1774515144,0,0,0,0
1774515145,0,0,0,0
1774515146,0,0,0,0
1774515147,0,0,0,0
1774515148,0,0,0,0
1774515149,0,0,0,0
1774515150,0,0,0,0
1774515151,0,0,0,0
1774515152,0,0,0,0
1774515153,0,0,0,0
1774515154,0,0,0,0
1774515155,0,0,0,0
1774515156,0,0,0,0
1774515157,0,0,0,0
1774515158,0,0,0,0
1774515159,0,0,0,0
1774515160,0,0,0,0
1774515161,0,0,0,0
1774515162,0,0,0,0
1774515163,0,0,0,0
1774515164,0,0,0,0
1774515165,0,0,0,0
1774515166,0,0,0,0
1774515167,0,0,0,0
1774515168,0,0,0,0
1774515169,0,0,0,0
1774515170,0,0,0,0
1774515171,0,0,0,0
1774515172,0,0,0,0
1774515173,0,0,0,0
1774515174,0,0,0,0
1774515175,0,0,0,0
1774515176,0,0,0,0
1774515177,0,0,0,0
1774515178,0,0,0,0
1774515179,0,0,0,0
1774515180,0,0,0,0
1774515181,0,0,0,0
1774515183,0,0,0,0
1774515184,0,0,0,0
1774515185,0,0,0,0
1774515186,0,0,0,0
1774515187,0,0,0,0
1774515188,0,0,0,0
1774515189,0,0,0,0
1774515190,0,0,0,0
1774515191,0,0,0,0
1774515192,0,0,0,0
1774515193,0,0,0,0
1774515194,0,0,0,0
1774515195,0,0,0,0
1774515196,0,0,0,0
1774515197,0,0,0,0
1774515198,0,0,0,0
1774515199,0,0,0,0
1774515200,0,0,0,0
1774515201,0,0,0,0
1774515202,0,0,0,0
1774515203,0,0,0,0
1774515204,0,0,0,0
1774515205,0,0,0,0
1774515206,0,0,0,0
1774515207,0,0,0,0
1774515208,0,0,0,0
1774515209,0,0,0,0
1774515210,0,0,0,0
1774515211,0,0,0,0
1774515212,0,0,0,0
1774515213,0,0,0,0
1774515214,0,0,0,0
1774515215,0,0,0,0
1774515216,0,0,0,0
1774515217,0,0,0,0
1774515218,0,0,0,0
1774515219,0,0,0,0
1774515220,0,0,0,0
1774515221,0,0,0,0
1774515222,0,0,0,0
1774515223,0,0,0,0
1774515224,0,0,0,0
1774515225,0,0,0,0
1774515226,0,0,0,0
1774515227,0,0,0,0
1774515228,0,0,0,0
1774515229,0,0,0,0
1774515230,0,0,0,0
1774515231,0,0,0,0
1774515232,0,0,0,0
1774515234,0,0,0,0
1774515235,0,0,0,0
1774515236,0,0,0,0
1774515237,0,0,0,0
1774515238,0,0,0,0
1774515239,0,0,0,0
1774515240,0,0,0,0
1774515241,0,0,0,0
1774515242,0,0,0,0
1774515243,0,0,0,0
1774515244,0,0,0,0
1774515245,0,0,0,0
1774515246,0,0,0,0
1774515247,0,0,0,0
1774515248,0,0,0,0
1774515249,0,0,0,0
1774515250,0,0,0,0
1774515251,0,0,0,0
1774515252,0,0,0,0
1774515253,0,0,0,0
1774515254,0,0,0,0
1774515255,0,0,0,0
1774515256,0,0,0,0
1774515257,0,0,0,0
1774515258,0,0,0,0
1774515259,0,0,0,0
1774515260,0,0,0,0
1774515261,0,0,0,0
1774515262,0,0,0,0
1774515263,0,0,0,0
1774515264,0,0,0,0
1774515265,0,0,0,0
1774515266,0,0,0,0
1774515267,0,0,0,0
1774515268,0,0,0,0
1774515269,0,0,0,0
1774515270,0,0,0,0
1774515271,0,0,0,0
1774515272,0,0,0,0
1774515273,0,0,0,0
1774515274,0,0,0,0
1774515275,0,0,0,0
1774515276,0,0,0,0
1774515277,0,0,0,0
1774515278,0,0,0,0
1774515279,0,0,0,0
1774515280,0,0,0,0
1774515281,0,0,0,0
1774515282,0,0,0,0
1774515284,0,0,0,0
1774515285,0,0,0,0
1774515286,0,0,0,0
1774515287,0,0,0,0
1774515288,0,0,0,0
1774515289,0,0,0,0
1774515290,0,0,0,0
1774515291,0,0,0,0
1774515292,0,0,0,0
1774515293,0,0,0,0
1774515294,0,0,0,0
1774515295,0,0,0,0
1774515296,0,0,0,0
1774515297,0,0,0,0
1774515298,0,0,0,0
1774515299,0,0,0,0
1774515300,0,0,0,0
1774515301,0,0,0,0
1774515302,0,0,0,0
1774515303,0,0,0,0
1774515304,0,0,0,0
1774515305,0,0,0,0
1774515306,0,0,0,0
1774515307,0,0,0,0
1774515308,0,0,0,0
1774515309,0,0,0,0
1774515310,0,0,0,0
1774515311,0,0,0,0
1774515312,0,0,0,0
1774515313,0,0,0,0
1774515314,0,0,0,0
1774515315,0,0,0,0
1774515316,0,0,0,0
1774515317,0,0,0,0
1774515318,0,0,0,0
1774515319,0,0,0,0
1774515320,0,0,0,0
1774515321,0,0,0,0
1774515322,0,0,0,0
1774515323,0,0,0,0
1774515324,0,0,0,0
1774515325,0,0,0,0
1774515326,0,0,0,0
1774515327,0,0,0,0
1774515328,0,0,0,0
1774515329,0,0,0,0
1774515330,0,0,0,0
1774515331,0,0,0,0
1774515332,0,0,0,0
1774515333,0,0,0,0
1774515334,0,0,0,0
1774515336,0,0,0,0
1774515337,0,0,0,0
1774515338,0,0,0,0
1774515339,0,0,0,0
1774515340,0,0,0,0
1774515341,0,0,0,0
1774515342,0,0,0,0
1774515343,0,0,0,0
1774515344,0,0,0,0
1774515345,0,0,0,0
1774515346,0,0,0,0
1774515347,0,0,0,0
1774515348,0,0,0,0
1774515349,0,0,0,0
1774515350,0,0,0,0
1774515351,0,0,0,0
1774515352,0,0,0,0
1774515353,0,0,0,0
1774515354,0,0,0,0
1774515355,0,0,0,0
1774515356,0,0,0,0
1774515357,0,0,0,0
1774515358,0,0,0,0
1774515359,0,0,0,0
1774515360,0,0,0,0
1774515361,0,0,0,0
1774515362,0,0,0,0
1774515363,0,0,0,0
1774515364,0,0,0,0
1774515365,0,0,0,0
1774515366,0,0,0,0
1774515367,0,0,0,0
1774515368,0,0,0,0
1774515369,0,0,0,0
1774515370,0,0,0,0
1774515371,0,0,0,0
1774515372,0,0,0,0
1774515373,0,0,0,0
1774515374,0,0,0,0
1774515375,0,0,0,0
1774515376,0,0,0,0
1774515377,0,0,0,0
1774515378,0,0,0,0
1774515379,0,0,0,0
1774515380,0,0,0,0
1774515381,0,0,0,0
1774515382,0,0,0,0
1774515383,0,0,0,0
1774515385,0,0,0,0
1774515386,0,0,0,0
1774515387,0,0,0,0
1774515388,0,0,0,0
1774515389,0,0,0,0
1774515390,0,0,0,0
1774515391,0,0,0,0
1774515392,0,0,0,0
1774515393,0,0,0,0
1774515394,0,0,0,0
1774515395,0,0,0,0
1774515396,0,0,0,0
1774515397,0,0,0,0
1774515398,0,0,0,0
1774515399,0,0,0,0
1774515400,0,0,0,0
1774515401,0,0,0,0
1774515402,0,0,0,0
1774515403,0,0,0,0
1774515404,0,0,0,0
1774515405,0,0,0,0
1774515406,0,0,0,0
1774515407,0,0,0,0
1774515408,0,0,0,0
1774515409,0,0,0,0
1774515410,0,0,0,0
1774515411,0,0,0,0
1774515412,0,0,0,0
1774515413,0,0,0,0
1774515414,0,0,0,0
1774515415,0,0,0,0
1774515416,0,0,0,0
1774515417,0,0,0,0
1774515418,0,0,0,0
1774515419,0,0,0,0
1774515420,0,0,0,0
1774515421,0,0,0,0
1774515422,0,0,0,0
1774515423,0,0,0,0
1774515424,0,0,0,0
1774515425,0,0,0,0
1774515426,0,0,0,0
1774515427,0,0,0,0
1774515428,0,0,0,0
1774515429,0,0,0,0
1774515430,0,0,0,0
1774515432,0,0,0,0
1774515433,0,0,0,0
1774515434,0,0,0,0
1774515435,0,0,0,0
1774515436,0,0,0,0
1774515437,0,0,0,0
1774515438,0,0,0,0
1774515439,0,0,0,0
1774515440,0,0,0,0
1774515441,0,0,0,0
1774515442,0,0,0,0
1774515443,0,0,0,0
1774515444,0,0,0,0
1774515445,0,0,0,0
1774515446,0,0,0,0
1774515447,0,0,0,0
1774515448,0,0,0,0
1774515449,0,0,0,0
1774515450,0,0,0,0
1774515451,0,0,0,0
1774515452,0,0,0,0
1774515453,0,0,0,0
1774515454,0,0,0,0
1774515455,0,0,0,0
1774515456,0,0,0,0
1774515457,0,0,0,0
1774515458,0,0,0,0
1774515459,0,0,0,0
1774515460,0,0,0,0
1774515461,0,0,0,0
1774515462,0,0,0,0
1774515463,0,0,0,0
1774515464,0,0,0,0
1774515465,0,0,0,0
1774515466,0,0,0,0
1774515467,0,0,0,0
1774515468,0,0,0,0
1774515469,0,0,0,0
1774515470,0,0,0,0
1774515471,0,0,0,0
1774515472,0,0,0,0
1774515473,0,0,0,0
1774515474,0,0,0,0
1774515475,0,0,0,0
1774515476,0,0,0,0
1774515477,0,0,0,0
1774515478,0,0,0,0
1774515479,0,0,0,0
1774515480,0,0,0,0
1774515481,0,0,0,0
1774515483,0,0,0,0
1774515484,0,0,0,0
1774515485,0,0,0,0
1774515486,0,0,0,0
1774515487,0,0,0,0
1774515488,0,0,0,0
1774515489,0,0,0,0
1774515490,0,0,0,0
1774515491,0,0,0,0
1774515492,0,0,0,0
1774515493,0,0,0,0
1774515494,0,0,0,0
1774515495,0,0,0,0
1774515496,0,0,0,0
1774515497,0,0,0,0
1774515498,0,0,0,0
1774515499,0,0,0,0
1774515500,0,0,0,0
1774515501,0,0,0,0
1774515502,0,0,0,0
1774515503,0,0,0,0
1774515504,0,0,0,0
1774515505,0,0,0,0
1774515506,0,0,0,0
1774515507,0,0,0,0
1774515508,0,0,0,0
1774515509,0,0,0,0
1774515510,0,0,0,0
1774515511,0,0,0,0
1774515512,0,0,0,0
1774515513,0,0,0,0
1774515514,0,0,0,0
1774515515,0,0,0,0
1774515516,0,0,0,0
1774515517,0,0,0,0
1774515518,0,0,0,0
1774515519,0,0,0,0
1774515520,0,0,0,0
1774515521,0,0,0,0
1774515522,0,0,0,0
1774515523,0,0,0,0
1774515524,0,0,0,0
1774515525,0,0,0,0
1774515526,0,0,0,0
1774515527,0,0,0,0
1774515528,0,0,0,0
1774515529,0,0,0,0
1774515530,0,0,0,0
1774515531,0,0,0,0
1774515532,0,0,0,0
1774515533,0,0,0,0
1774515535,0,0,0,0
1774515536,0,0,0,0
1774515537,0,0,0,0
1774515538,0,0,0,0
1774515539,0,0,0,0
1774515540,0,0,0,0
1774515541,0,0,0,0
1774515542,0,0,0,0
1774515543,0,0,0,0
1774515544,0,0,0,0
1774515545,0,0,0,0
1774515546,0,0,0,0
1774515547,0,0,0,0
1774515548,0,0,0,0
1774515549,0,0,0,0
1774515550,0,0,0,0
1774515551,0,0,0,0
1774515552,0,0,0,0
1774515553,0,0,0,0
1774515554,0,0,0,0
1774515555,0,0,0,0
1774515556,0,0,0,0
1774515557,0,0,0,0
1774515558,0,0,0,0
1774515559,0,0,0,0
1774515560,0,0,0,0
1774515561,0,0,0,0
1774515562,0,0,0,0
1774515563,0,0,0,0
1774515564,0,0,0,0
1774515565,0,0,0,0
1774515566,0,0,0,0
1774515567,0,0,0,0
1774515568,0,0,0,0
1774515569,0,0,0,0
1774515570,0,0,0,0
1774515571,0,0,0,0
1774515572,0,0,0,0
1774515573,0,0,0,0
1774515574,0,0,0,0
1774515575,0,0,0,0
1774515576,0,0,0,0
1774515577,0,0,0,0
1774515578,0,0,0,0
1774515579,0,0,0,0
1774515580,0,0,0,0
1774515581,0,0,0,0
1774515582,0,0,0,0
1774515583,0,0,0,0
1774515584,0,0,0,0
1774515586,0,0,0,0
1774515587,0,0,0,0
1774515588,0,0,0,0
1774515589,0,0,0,0
1774515590,0,0,0,0
1774515591,0,0,0,0
1774515592,0,0,0,0
1774515593,0,0,0,0
1774515594,0,0,0,0
1774515595,0,0,0,0
1774515596,0,0,0,0
1774515597,0,0,0,0
1774515598,0,0,0,0
1774515599,0,0,0,0
1774515600,0,0,0,0
1774515601,0,0,0,0
1774515602,0,0,0,0
1774515603,0,0,0,0
1774515604,0,0,0,0
1774515605,0,0,0,0
1774515606,0,0,0,0
1774515607,0,0,0,0
1774515608,0,0,0,0
1774515609,0,0,0,0
1774515610,0,0,0,0
1774515611,0,0,0,0
1774515612,0,0,0,0
1774515613,0,0,0,0
1774515614,0,0,0,0
1774515615,0,0,0,0
1774515616,0,0,0,0
1774515617,0,0,0,0
1774515618,0,0,0,0
1774515619,0,0,0,0
1774515620,0,0,0,0
1774515621,0,0,0,0
1774515622,0,0,0,0
1774515623,0,0,0,0
1774515624,0,0,0,0
1774515625,0,0,0,0
1774515626,0,0,0,0
1774515627,0,0,0,0
1774515628,0,0,0,0
1774515629,0,0,0,0
1774515630,0,0,0,0
1774515631,0,0,0,0
1774515632,0,0,0,0
1774515633,0,0,0,0
1774515634,0,0,0,0
1774515635,0,0,0,0
1774515636,0,0,0,0
1774515637,0,0,0,0
1774515638,0,0,0,0
1774515639,0,0,0,0
1774515641,0,0,0,0
1774515642,0,0,0,0
1774515643,0,0,0,0
1774515644,0,0,0,0
1774515645,0,0,0,0
1774515646,0,0,0,0
1774515647,0,0,0,0
1774515648,0,0,0,0
1774515649,0,0,0,0
1774515650,0,0,0,0
1774515651,0,0,0,0
1774515652,0,0,0,0
1774515653,0,0,0,0
1774515654,0,0,0,0
1774515655,0,0,0,0
1774515656,0,0,0,0
1774515657,0,0,0,0
1774515658,0,0,0,0
1774515659,0,0,0,0
1774515660,0,0,0,0
1774515661,0,0,0,0
1774515662,0,0,0,0
1774515663,0,0,0,0
1774515664,0,0,0,0
1774515665,0,0,0,0
1774515666,0,0,0,0
1774515667,0,0,0,0
1774515668,0,0,0,0
1774515669,0,0,0,0
1774515670,0,0,0,0
1774515671,0,0,0,0
1774515672,0,0,0,0
1774515673,0,0,0,0
1774515674,0,0,0,0
1774515675,0,0,0,0
1774515676,0,0,0,0
1774515677,0,0,0,0
1774515678,0,0,0,0
1774515679,0,0,0,0
1774515680,0,0,0,0
1774515681,0,0,0,0
1774515682,0,0,0,0
1774515683,0,0,0,0
1774515684,0,0,0,0
1774515685,0,0,0,0
1774515686,0,0,0,0
1774515687,0,0,0,0
1774515688,0,0,0,0
1774515689,0,0,0,0
1774515690,0,0,0,0
1774515691,0,0,0,0
1774515692,0,0,0,0
1774515693,0,0,0,0
1774515694,0,0,0,0
1774515695,0,0,0,0
1774515696,0,0,0,0
1774515697,0,0,0,0
1774515698,0,0,0,0
1774515699,0,0,0,0
1774515700,0,0,0,0
1774515701,0,0,0,0
1774515702,0,0,0,0
1774515703,0,0,0,0
1774515704,0,0,0,0
1774515705,0,0,0,0
1774515706,0,0,0,0
1774515707,0,0,0,0
1774515709,0,0,0,0
1774515710,0,0,0,0
1774515711,0,0,0,0
1774515712,0,0,0,0
1774515713,0,0,0,0
1774515714,0,0,0,0
1774515715,0,0,0,0
1774515716,0,0,0,0
1774515717,0,0,0,0
1774515718,0,0,0,0
1774515719,0,0,0,0
1774515720,0,0,0,0
1774515721,0,0,0,0
1774515722,0,0,0,0
1774515723,0,0,0,0
1774515724,0,0,0,0
1774515725,0,0,0,0
1774515726,0,0,0,0
1774515727,0,0,0,0
1774515728,0,0,0,0
1774515729,0,0,0,0
1774515730,0,0,0,0
1774515731,0,0,0,0
1774515732,0,0,0,0
1774515733,0,0,0,0
1774515734,0,0,0,0
1774515735,0,0,0,0
1774515736,0,0,0,0
1774515737,0,0,0,0
1774515738,0,0,0,0
1774515739,0,0,0,0
1774515740,0,0,0,0
1774515741,0,0,0,0
1774515742,0,0,0,0
1774515743,0,0,0,0
1774515744,0,0,0,0
1774515745,0,0,0,0
1774515746,0,0,0,0
1774515747,0,0,0,0
1774515748,0,0,0,0
1774515749,0,0,0,0
1774515750,0,0,0,0
1774515751,0,0,0,0
1774515752,0,0,0,0
1774515753,0,0,0,0
1774515754,0,0,0,0
1774515755,0,0,0,0
1774515756,0,0,0,0
1774515757,0,0,0,0
1774515758,0,0,0,0
1774515759,0,0,0,0
1774515760,0,0,0,0
1774515761,0,0,0,0
1774515762,0,0,0,0
1774515763,0,0,0,0
1774515764,0,0,0,0
1774515765,0,0,0,0
1774515766,0,0,0,0
1774515767,0,0,0,0
1774515768,0,0,0,0
1774515769,0,0,0,0
1774515770,0,0,0,0
1774515771,0,0,0,0
1774515772,0,0,0,0
1774515773,0,0,0,0
1774515774,0,0,0,0
1774515775,0,0,0,0
1774515776,0,0,0,0
1774515777,0,0,0,0
1774515779,0,0,0,0
1774515780,0,0,0,0
1774515781,0,0,0,0
1774515782,0,0,0,0
1774515783,0,0,0,0
1774515784,0,0,0,0
1774515785,0,0,0,0
1774515786,0,0,0,0
1774515787,0,0,0,0
1774515788,0,0,0,0
1774515789,0,0,0,0
1774515790,0,0,0,0
1774515791,0,0,0,0
1774515792,0,0,0,0
1774515793,0,0,0,0
1774515794,0,0,0,0
1774515795,0,0,0,0
1774515796,0,0,0,0
1774515797,0,0,0,0
1774515798,0,0,0,0
1774515799,0,0,0,0
1774515800,0,0,0,0
1774515801,0,0,0,0
1774515802,0,0,0,0
1774515803,0,0,0,0
1774515804,0,0,0,0
1774515805,0,0,0,0
1774515806,0,0,0,0
1774515807,0,0,0,0
1774515808,0,0,0,0
1774515809,0,0,0,0
1774515810,0,0,0,0
1774515811,0,0,0,0
1774515812,0,0,0,0
1774515813,0,0,0,0
1774515814,0,0,0,0
1774515815,0,0,0,0
1774515816,0,0,0,0
1774515817,0,0,0,0
1774515818,0,0,0,0
1774515819,0,0,0,0
1774515820,0,0,0,0
1774515821,0,0,0,0
1774515822,0,0,0,0
1774515823,0,0,0,0
1774515824,0,0,0,0
1774515825,0,0,0,0
1774515826,0,0,0,0
1774515827,0,0,0,0
1774515828,0,0,0,0
1774515829,0,0,0,0
1774515830,0,0,0,0
1774515831,0,0,0,0
1774515832,0,0,0,0
1774515833,0,0,0,0
1774515834,0,0,0,0
1774515835,0,0,0,0
1774515836,0,0,0,0
1774515837,0,0,0,0
1774515838,0,0,0,0
1774515839,0,0,0,0
1774515840,0,0,0,0
1774515841,0,0,0,0
1774515842,0,0,0,0
1774515844,0,0,0,0
1774515845,0,0,0,0
1774515846,0,0,0,0
1774515847,0,0,0,0
1774515848,0,0,0,0
1774515849,0,0,0,0
1774515850,0,0,0,0
1774515851,0,0,0,0
1774515852,0,0,0,0
1774515853,0,0,0,0
1774515854,0,0,0,0
1774515855,0,0,0,0
1774515856,0,0,0,0
1774515857,0,0,0,0
1774515858,0,0,0,0
1774515859,0,0,0,0
1774515860,0,0,0,0
1774515861,0,0,0,0
1774515862,0,0,0,0
1774515863,0,0,0,0
1774515864,0,0,0,0
1774515865,0,0,0,0
1774515866,0,0,0,0
1774515867,0,0,0,0
1774515868,0,0,0,0
1774515869,0,0,0,0
1774515870,0,0,0,0
1774515871,0,0,0,0
1774515872,0,0,0,0
1774515873,0,0,0,0
1774515874,0,0,0,0
1774515875,0,0,0,0
1774515876,0,0,0,0
1774515877,0,0,0,0
1774515878,0,0,0,0
1774515879,0,0,0,0
1774515880,0,0,0,0
1774515881,0,0,0,0
1774515882,0,0,0,0
1774515883,0,0,0,0
1774515884,0,0,0,0
1774515885,0,0,0,0
1774515886,0,0,0,0
1774515887,0,0,0,0
1774515888,0,0,0,0
1774515889,0,0,0,0
1774515890,0,0,0,0
1774515891,0,0,0,0
1774515892,0,0,0,0
1774515893,0,0,0,0
1774515894,0,0,0,0
1774515895,0,0,0,0
1774515896,0,0,0,0
1774515897,0,0,0,0
1774515898,0,0,0,0
1774515899,0,0,0,0
1774515900,0,0,0,0
1774515902,0,0,0,0
1774515903,0,0,0,0
1774515904,0,0,0,0
1774515905,0,0,0,0
1774515906,0,0,0,0
1774515907,0,0,0,0
1774515908,0,0,0,0
1774515909,0,0,0,0
1774515910,0,0,0,0
1774515911,0,0,0,0
1774515912,0,0,0,0
1774515913,0,0,0,0
1774515914,0,0,0,0
1774515915,0,0,0,0
1774515916,0,0,0,0
1774515917,0,0,0,0
1774515918,0,0,0,0
1774515919,0,0,0,0
1774515920,0,0,0,0
1774515921,0,0,0,0
1774515922,0,0,0,0
1774515923,0,0,0,0
1774515924,0,0,0,0
1774515925,0,0,0,0
1774515926,0,0,0,0
1774515927,0,0,0,0
1774515928,0,0,0,0
1774515929,0,0,0,0
1774515930,0,0,0,0
1774515931,0,0,0,0
1774515932,0,0,0,0
1774515933,0,0,0,0
1774515934,0,0,0,0
1774515935,0,0,0,0
1774515936,0,0,0,0
1774515937,0,0,0,0
1774515938,0,0,0,0
1774515939,0,0,0,0
1774515940,0,0,0,0
1774515941,0,0,0,0
1774515942,0,0,0,0
1774515943,0,0,0,0
1774515944,0,0,0,0
1774515945,0,0,0,0
1774515946,0,0,0,0
1774515947,0,0,0,0
1774515948,0,0,0,0
1774515949,0,0,0,0
1774515950,0,0,0,0
1774515952,0,0,0,0
1774515953,0,0,0,0
1774515954,0,0,0,0
1774515955,0,0,0,0
1774515956,0,0,0,0
1774515957,0,0,0,0
1774515958,0,0,0,0
1774515959,0,0,0,0
1774515960,0,0,0,0
1774515961,0,0,0,0
1774515962,0,0,0,0
1774515963,0,0,0,0
1774515964,0,0,0,0
1774515965,0,0,0,0
1774515966,0,0,0,0
1774515967,0,0,0,0
1774515968,0,0,0,0
1774515969,0,0,0,0
1774515970,0,0,0,0
1774515971,0,0,0,0
1774515972,0,0,0,0
1774515973,0,0,0,0
1774515974,0,0,0,0
1774515975,0,0,0,0
1774515976,0,0,0,0
1774515977,0,0,0,0
1774515978,0,0,0,0
1774515979,0,0,0,0
1774515980,0,0,0,0
1774515981,0,0,0,0
1774515982,0,0,0,0
1774515983,0,0,0,0
1774515984,0,0,0,0
1774515985,0,0,0,0
1774515986,0,0,0,0
1774515987,0,0,0,0
1774515988,0,0,0,0
1774515989,0,0,0,0
1774515990,0,0,0,0
1774515991,0,0,0,0
1774515992,0,0,0,0
1774515993,0,0,0,0
1774515994,0,0,0,0
1774515995,0,0,0,0
1774515996,0,0,0,0
1774515997,0,0,0,0
1774515998,0,0,0,0
1774515999,0,0,0,0
1774516000,0,0,0,0
1774516001,0,0,0,0
1774516002,0,0,0,0
1774516003,0,0,0,0
1774516004,0,0,0,0
1774516005,0,0,0,0
1774516006,0,0,0,0
1774516008,0,0,0,0
1774516009,0,0,0,0
1774516010,0,0,0,0
1774516011,0,0,0,0
1774516012,0,0,0,0
1774516013,0,0,0,0
1774516014,0,0,0,0
1774516015,0,0,0,0
1774516016,0,0,0,0
1774516017,0,0,0,0
1774516018,0,0,0,0
1774516019,0,0,0,0
1774516020,0,0,0,0
1774516021,0,0,0,0
1774516022,0,0,0,0
1774516023,0,0,0,0
1774516024,0,0,0,0
1774516025,0,0,0,0
1774516026,0,0,0,0
1774516027,0,0,0,0
1774516028,0,0,0,0
1774516029,0,0,0,0
1774516030,0,0,0,0
1774516031,0,0,0,0
1774516032,0,0,0,0
1774516033,0,0,0,0
1774516034,0,0,0,0
1774516035,0,0,0,0
1774516036,0,0,0,0
1774516037,0,0,0,0
1774516038,0,0,0,0
1774516039,0,0,0,0
1774516040,0,0,0,0
1774516041,0,0,0,0
1774516042,0,0,0,0
1774516043,0,0,0,0
1774516044,0,0,0,0
1774516045,0,0,0,0
1774516046,0,0,0,0
1774516047,0,0,0,0
1774516048,0,0,0,0
1774516049,0,0,0,0
1774516050,0,0,0,0
1774516051,0,0,0,0
1774516052,0,0,0,0
1774516053,0,0,0,0
1774516054,0,0,0,0
1774516055,0,0,0,0
1774516056,0,0,0,0
1774516057,0,0,0,0
1774516059,0,0,0,0
1774516060,0,0,0,0
1774516061,0,0,0,0
1774516062,0,0,0,0
1774516063,0,0,0,0
1774516064,0,0,0,0
1774516065,0,0,0,0
1774516066,0,0,0,0
1774516067,0,0,0,0
1774516068,0,0,0,0
1774516069,0,0,0,0
1774516070,0,0,0,0
1774516071,0,0,0,0
1774516072,0,0,0,0
1774516073,0,0,0,0
1774516074,0,0,0,0
1774516075,0,0,0,0
1774516076,0,0,0,0
1774516077,0,0,0,0
1774516078,0,0,0,0
1774516079,0,0,0,0
1774516080,0,0,0,0
1774516081,0,0,0,0
1774516082,0,0,0,0
1774516083,0,0,0,0
1774516084,0,0,0,0
1774516085,0,0,0,0
1774516086,0,0,0,0
1774516087,0,0,0,0
1774516088,0,0,0,0
1774516089,0,0,0,0
1774516090,0,0,0,0
1774516091,0,0,0,0
1774516092,0,0,0,0
1774516093,0,0,0,0
1774516094,0,0,0,0
1774516095,0,0,0,0
1774516096,0,0,0,0
1774516097,0,0,0,0
1774516098,0,0,0,0
1774516099,0,0,0,0
1774516100,0,0,0,0
1774516101,0,0,0,0
1774516102,0,0,0,0
1774516103,0,0,0,0
1774516104,0,0,0,0
1774516105,0,0,0,0
1774516106,0,0,0,0
1774516107,0,0,0,0
1774516108,0,0,0,0
1774516109,0,0,0,0
1774516110,0,0,0,0
1774516111,0,0,0,0
1774516112,0,0,0,0
1774516113,0,0,0,0
1774516114,0,0,0,0
1774516115,0,0,0,0
1774516116,0,0,0,0
1774516117,0,0,0,0
1774516118,0,0,0,0
1774516119,0,0,0,0
1774516120,0,0,0,0
1774516121,0,0,0,0
1774516122,0,0,0,0
1774516123,0,0,0,0
1774516125,0,0,0,0
1774516126,0,0,0,0
1774516127,0,0,0,0
1774516128,0,0,0,0
1774516129,0,0,0,0
1774516130,0,0,0,0
1774516131,0,0,0,0
1774516132,0,0,0,0
1774516133,0,0,0,0
1774516134,0,0,0,0
1774516135,0,0,0,0
1774516136,0,0,0,0
1774516137,0,0,0,0
1774516138,0,0,0,0
1774516139,0,0,0,0
1774516140,0,0,0,0
1774516141,0,0,0,0
1774516142,0,0,0,0
1774516143,0,0,0,0
1774516144,0,0,0,0
1774516145,0,0,0,0
1774516146,0,0,0,0
1774516147,0,0,0,0
1774516148,0,0,0,0
1774516149,0,0,0,0
1774516150,0,0,0,0
1774516151,0,0,0,0
1774516152,0,0,0,0
1774516153,0,0,0,0
1774516154,0,0,0,0
1774516155,0,0,0,0
1774516156,0,0,0,0
1774516157,0,0,0,0
1774516158,0,0,0,0
1774516159,0,0,0,0
1774516160,0,0,0,0
1774516161,0,0,0,0
1774516162,0,0,0,0
1774516163,0,0,0,0
1774516164,0,0,0,0
1774516165,0,0,0,0
1774516166,0,0,0,0
1774516167,0,0,0,0
1774516168,0,0,0,0
1774516169,0,0,0,0
1774516170,0,0,0,0
1774516171,0,0,0,0
1774516172,0,0,0,0
1774516173,0,0,0,0
1774516174,0,0,0,0
1774516175,0,0,0,0
1774516176,0,0,0,0
1774516177,0,0,0,0
1774516178,0,0,0,0
1774516179,0,0,0,0
1774516180,0,0,0,0
1774516182,0,0,0,0
1774516183,0,0,0,0
1774516184,0,0,0,0
1774516185,0,0,0,0
1774516186,0,0,0,0
1774516187,0,0,0,0
1774516188,0,0,0,0
1774516189,0,0,0,0
1774516190,0,0,0,0
1774516191,0,0,0,0
1774516192,0,0,0,0
1774516193,0,0,0,0
1774516194,0,0,0,0
1774516195,0,0,0,0
1774516196,0,0,0,0
1774516197,0,0,0,0
1774516198,0,0,0,0
1774516199,0,0,0,0
1774516200,0,0,0,0
1774516201,0,0,0,0
1774516202,0,0,0,0
1774516203,0,0,0,0
1774516204,0,0,0,0
1774516205,0,0,0,0
1774516206,0,0,0,0
1774516207,0,0,0,0
1774516208,0,0,0,0
1774516209,0,0,0,0
1774516210,0,0,0,0
1774516211,0,0,0,0
1774516212,0,0,0,0
1774516213,0,0,0,0
1774516214,0,0,0,0
1774516215,0,0,0,0
1774516216,0,0,0,0
1774516217,0,0,0,0
1774516218,0,0,0,0
1774516219,0,0,0,0
1774516220,0,0,0,0
1774516221,0,0,0,0
1774516222,0,0,0,0
1774516223,0,0,0,0
1774516224,0,0,0,0
1774516225,0,0,0,0
1774516226,0,0,0,0
1774516227,0,0,0,0
1774516228,0,0,0,0
1774516229,0,0,0,0
1774516230,0,0,0,0
1774516231,0,0,0,0
1774516232,0,0,0,0
1774516233,0,0,0,0
1774516234,0,0,0,0
1774516235,0,0,0,0
1774516236,0,0,0,0
1774516237,0,0,0,0
1774516238,0,0,0,0
1774516239,0,0,0,0
1774516241,0,0,0,0
1774516242,0,0,0,0
1774516243,0,0,0,0
1774516244,0,0,0,0
1774516245,0,0,0,0
1774516246,0,0,0,0
1774516247,0,0,0,0
1774516248,0,0,0,0
1774516249,0,0,0,0
1774516250,0,0,0,0
1774516251,0,0,0,0
1774516252,0,0,0,0
1774516253,0,0,0,0
1774516254,0,0,0,0
1774516255,0,0,0,0
1774516256,0,0,0,0
1774516257,0,0,0,0
1774516258,0,0,0,0
1774516259,0,0,0,0
1774516260,0,0,0,0
1774516261,0,0,0,0
1774516262,0,0,0,0
1774516263,0,0,0,0
1774516264,0,0,0,0
1774516265,0,0,0,0
1774516266,0,0,0,0
1774516267,0,0,0,0
1774516268,0,0,0,0
1774516269,0,0,0,0
1774516270,0,0,0,0
1774516271,0,0,0,0
1774516272,0,0,0,0
1774516273,0,0,0,0
1774516274,0,0,0,0
1774516275,0,0,0,0
1774516276,0,0,0,0
1774516277,0,0,0,0
1774516278,0,0,0,0
1774516279,0,0,0,0
1774516280,0,0,0,0
1774516281,0,0,0,0
1774516282,0,0,0,0
1774516283,0,0,0,0
1774516284,0,0,0,0
1774516285,0,0,0,0
1774516286,0,0,0,0
1774516287,0,0,0,0
1774516288,0,0,0,0
1774516289,0,0,0,0
1774516290,0,0,0,0
1774516291,0,0,0,0
1774516293,0,0,0,0
1774516294,0,0,0,0
1774516295,0,0,0,0
1774516296,0,0,0,0
1774516297,0,0,0,0
1774516298,0,0,0,0
1774516299,0,0,0,0
1774516300,0,0,0,0
1774516301,0,0,0,0
1774516302,0,0,0,0
1774516303,0,0,0,0
1774516304,0,0,0,0
1774516305,0,0,0,0
1774516306,0,0,0,0
1774516307,0,0,0,0
1774516308,0,0,0,0
1774516309,0,0,0,0
1774516310,0,0,0,0
1774516311,0,0,0,0
1774516312,0,0,0,0
1774516313,0,0,0,0
1774516314,0,0,0,0
1774516315,0,0,0,0
1774516316,0,0,0,0
1774516317,0,0,0,0
1774516318,0,0,0,0
1774516319,0,0,0,0
1774516320,0,0,0,0
1774516321,0,0,0,0
1774516322,0,0,0,0
1774516323,0,0,0,0
1774516324,0,0,0,0
1774516325,0,0,0,0
1774516326,0,0,0,0
1774516327,0,0,0,0
1774516328,0,0,0,0
1774516329,0,0,0,0
1774516330,0,0,0,0
1774516331,0,0,0,0
1774516332,0,0,0,0
1774516333,0,0,0,0
1774516334,0,0,0,0
1774516335,0,0,0,0
1774516336,0,0,0,0
1774516337,0,0,0,0
1774516338,0,0,0,0
1774516339,0,0,0,0
1774516340,0,0,0,0
1774516341,0,0,0,0
1774516342,0,0,0,0
1774516344,0,0,0,0
1774516345,0,0,0,0
1774516346,0,0,0,0
1774516347,0,0,0,0
1774516348,0,0,0,0
1774516349,0,0,0,0
1774516350,0,0,0,0
1774516351,0,0,0,0
1774516352,0,0,0,0
1774516353,0,0,0,0
1774516354,0,0,0,0
1774516355,0,0,0,0
1774516356,0,0,0,0
1774516357,0,0,0,0
1774516358,0,0,0,0
1774516359,0,0,0,0
1774516360,0,0,0,0
1774516361,0,0,0,0
1774516362,0,0,0,0
1774516363,0,0,0,0
1774516364,0,0,0,0
1774516365,0,0,0,0
1774516366,0,0,0,0
1774516367,0,0,0,0
1774516368,0,0,0,0
1774516369,0,0,0,0
1774516370,0,0,0,0
1774516371,0,0,0,0
1774516372,0,0,0,0
1774516373,0,0,0,0
1774516374,0,0,0,0
1774516375,0,0,0,0
1774516376,0,0,0,0
1774516377,0,0,0,0
1774516378,0,0,0,0
1774516379,0,0,0,0
1774516380,0,0,0,0
1774516381,0,0,0,0
1774516382,0,0,0,0
1774516383,0,0,0,0
1774516384,0,0,0,0
1774516385,0,0,0,0
1774516386,0,0,0,0
1774516387,0,0,0,0
1774516388,0,0,0,0
1774516389,0,0,0,0
1774516390,0,0,0,0
1774516391,0,0,0,0
1774516392,0,0,0,0
1774516393,0,0,0,0
1774516394,0,0,0,0
1774516395,0,0,0,0
1774516396,0,0,0,0
1774516398,0,0,0,0
1774516399,0,0,0,0
1774516400,0,0,0,0
1774516401,0,0,0,0
1774516402,0,0,0,0
1774516403,0,0,0,0
1774516404,0,0,0,0
1774516405,0,0,0,0
1774516406,0,0,0,0
1774516407,0,0,0,0
1774516408,0,0,0,0
1774516409,0,0,0,0
1774516410,0,0,0,0
1774516411,0,0,0,0
1774516412,0,0,0,0
1774516413,0,0,0,0
1774516414,0,0,0,0
1774516415,0,0,0,0
1774516416,0,0,0,0
1774516417,0,0,0,0
1774516418,0,0,0,0
1774516419,0,0,0,0
1774516420,0,0,0,0
1774516421,0,0,0,0
1774516422,0,0,0,0
1774516423,0,0,0,0
1774516424,0,0,0,0
1774516425,0,0,0,0
1774516426,0,0,0,0
1774516427,0,0,0,0
1774516428,0,0,0,0
1774516429,0,0,0,0
1774516430,0,0,0,0
1774516431,0,0,0,0
1774516432,0,0,0,0
1774516433,0,0,0,0
1774516434,0,0,0,0
1774516435,0,0,0,0
1774516436,0,0,0,0
1774516437,0,0,0,0
1774516438,0,0,0,0
1774516439,0,0,0,0
1774516440,0,0,0,0
1774516441,0,0,0,0
1774516442,0,0,0,0
1774516443,0,0,0,0
1774516444,0,0,0,0
1774516445,0,0,0,0
1774516446,0,0,0,0
1774516447,0,0,0,0
1774516448,0,0,0,0
1774516449,0,0,0,0
1774516450,0,0,0,0
1774516451,0,0,0,0
1774516452,0,0,0,0
1774516454,0,0,0,0
1774516455,0,0,0,0
1774516456,0,0,0,0
1774516457,0,0,0,0
1774516458,0,0,0,0
1774516459,0,0,0,0
1774516460,0,0,0,0
1774516461,0,0,0,0
1774516462,0,0,0,0
1774516463,0,0,0,0
1774516464,0,0,0,0
1774516465,0,0,0,0
1774516466,0,0,0,0
1774516467,0,0,0,0
1774516468,0,0,0,0
1774516469,0,0,0,0
1774516470,0,0,0,0
1774516471,0,0,0,0
1774516472,0,0,0,0
1774516473,0,0,0,0
1774516474,0,0,0,0
1774516475,0,0,0,0
1774516476,0,0,0,0
1774516477,0,0,0,0
1774516478,0,0,0,0
1774516479,0,0,0,0
1774516480,0,0,0,0
1774516481,0,0,0,0
1774516482,0,0,0,0
1774516483,0,0,0,0
1774516484,0,0,0,0
1774516485,0,0,0,0
1774516486,0,0,0,0
1774516487,0,0,0,0
1774516488,0,0,0,0
1774516489,0,0,0,0
1774516490,0,0,0,0
1774516491,0,0,0,0
1774516492,0,0,0,0
1774516493,0,0,0,0
1774516494,0,0,0,0
1774516495,0,0,0,0
1774516496,0,0,0,0
1774516497,0,0,0,0
1774516498,0,0,0,0
1774516499,0,0,0,0
1774516500,0,0,0,0
1774516501,0,0,0,0
1774516502,0,0,0,0
1774516503,0,0,0,0
1774516504,0,0,0,0
1774516505,0,0,0,0
1774516506,0,0,0,0
1774516507,0,0,0,0
1774516508,0,0,0,0
1774516509,0,0,0,0
1774516510,0,0,0,0
1774516511,0,0,0,0
1774516512,0,0,0,0
1774516513,0,0,0,0
1774516514,0,0,0,0
1774516515,0,0,0,0
1774516516,0,0,0,0
1774516518,0,0,0,0
1774516519,0,0,0,0
1774516520,0,0,0,0
1774516521,0,0,0,0
1774516522,0,0,0,0
1774516523,0,0,0,0
1774516524,0,0,0,0
1774516525,0,0,0,0
1774516526,0,0,0,0
1774516527,0,0,0,0
1774516528,0,0,0,0
1774516529,0,0,0,0
1774516530,0,0,0,0
1774516531,0,0,0,0
1774516532,0,0,0,0
1774516533,0,0,0,0
1774516534,0,0,0,0
1774516535,0,0,0,0
1774516536,0,0,0,0
1774516537,0,0,0,0
1774516538,0,0,0,0
1774516539,0,0,0,0
1774516540,0,0,0,0
1774516541,0,0,0,0
1774516542,0,0,0,0
1774516543,0,0,0,0
1774516544,0,0,0,0
1774516545,0,0,0,0
1774516546,0,0,0,0
1774516547,0,0,0,0
1774516548,0,0,0,0
1774516549,0,0,0,0
1774516550,0,0,0,0
1774516551,0,0,0,0
1774516552,0,0,0,0
1774516553,0,0,0,0
1774516554,0,0,0,0
1774516555,0,0,0,0
1774516556,0,0,0,0
1774516557,0,0,0,0
1774516558,0,0,0,0
1774516559,0,0,0,0
1774516560,0,0,0,0
1774516561,0,0,0,0
1774516562,0,0,0,0
1774516563,0,0,0,0
1774516564,0,0,0,0
1774516565,0,0,0,0
1774516566,0,0,0,0
1774516567,0,0,0,0
1774516568,0,0,0,0
1774516569,0,0,0,0
1774516570,0,0,0,0
1774516571,0,0,0,0
1774516572,0,0,0,0
1774516573,0,0,0,0
1774516574,0,0,0,0
1774516575,0,0,0,0
1774516576,0,0,0,0
1774516577,0,0,0,0
1774516578,0,0,0,0
1774516579,0,0,0,0
1774516580,0,0,0,0
1774516581,0,0,0,0
1774516583,0,0,0,0
1774516584,0,0,0,0
1774516585,0,0,0,0
1774516586,0,0,0,0
1774516587,0,0,0,0
1774516588,0,0,0,0
1774516589,0,0,0,0
1774516590,0,0,0,0
1774516591,0,0,0,0
1774516592,0,0,0,0
1774516593,0,0,0,0
1774516594,0,0,0,0
1774516595,0,0,0,0
1774516596,0,0,0,0
1774516597,0,0,0,0
1774516598,0,0,0,0
1774516599,0,0,0,0
1774516600,0,0,0,0
1774516601,0,0,0,0
1774516602,0,0,0,0
1774516603,0,0,0,0
1774516604,0,0,0,0
1774516605,0,0,0,0
1774516606,0,0,0,0
1774516607,0,0,0,0
1774516608,0,0,0,0
1774516609,0,0,0,0
1774516610,0,0,0,0
1774516611,0,0,0,0
1774516612,0,0,0,0
1774516613,0,0,0,0
1774516614,0,0,0,0
1774516615,0,0,0,0
1774516616,0,0,0,0
1774516617,0,0,0,0
1774516618,0,0,0,0
1774516619,0,0,0,0
1774516620,0,0,0,0
1774516621,0,0,0,0
1774516622,0,0,0,0
1774516623,0,0,0,0
1774516624,0,0,0,0
1774516625,0,0,0,0
1774516626,0,0,0,0
1774516627,0,0,0,0
1774516628,0,0,0,0
1774516629,0,0,0,0
1774516630,0,0,0,0
1774516631,0,0,0,0
1774516632,0,0,0,0
1774516633,0,0,0,0
1774516634,0,0,0,0
1774516635,0,0,0,0
1774516636,0,0,0,0
1774516637,0,0,0,0
1774516638,0,0,0,0
1774516639,0,0,0,0
1774516640,0,0,0,0
1774516641,0,0,0,0
1774516643,0,0,0,0
1774516644,0,0,0,0
1774516645,0,0,0,0
1774516646,0,0,0,0
1774516647,0,0,0,0
1774516648,0,0,0,0
1774516649,0,0,0,0
1774516650,0,0,0,0
1774516651,0,0,0,0
1774516652,0,0,0,0
1774516653,0,0,0,0
1774516654,0,0,0,0
1774516655,0,0,0,0
1774516656,0,0,0,0
1774516657,0,0,0,0
1774516658,0,0,0,0
1774516659,0,0,0,0
1774516660,0,0,0,0
1774516661,0,0,0,0
1774516662,0,0,0,0
1774516663,0,0,0,0
1774516664,0,0,0,0
1774516665,0,0,0,0
1774516666,0,0,0,0
1774516667,0,0,0,0
1774516668,0,0,0,0
1774516669,0,0,0,0
1774516670,0,0,0,0
1774516671,0,0,0,0
1774516672,0,0,0,0
1774516673,0,0,0,0
1774516674,0,0,0,0
1774516675,0,0,0,0
1774516676,0,0,0,0
1774516677,0,0,0,0
1774516678,0,0,0,0
1774516679,0,0,0,0
1774516680,0,0,0,0
1774516681,0,0,0,0
1774516682,0,0,0,0
1774516683,0,0,0,0
1774516684,0,0,0,0
1774516685,0,0,0,0
1774516686,0,0,0,0
1774516687,0,0,0,0
1774516688,0,0,0,0
1774516689,0,0,0,0
1774516690,0,0,0,0
1774516691,0,0,0,0
1774516692,0,0,0,0
1774516693,0,0,0,0
1774516694,0,0,0,0
1774516695,0,0,0,0
1774516696,0,0,0,0
1774516698,0,0,0,0
1774516699,0,0,0,0
1774516700,0,0,0,0
1774516701,0,0,0,0
1774516702,0,0,0,0
1774516703,0,0,0,0
1774516704,0,0,0,0
1774516705,0,0,0,0
1774516706,0,0,0,0
1774516707,0,0,0,0
1774516708,0,0,0,0
1774516709,0,0,0,0
1774516710,0,0,0,0
1774516711,0,0,0,0
1774516712,0,0,0,0
1774516713,0,0,0,0
1774516714,0,0,0,0
1774516715,0,0,0,0
1774516716,0,0,0,0
1774516717,0,0,0,0
1774516718,0,0,0,0
1774516719,0,0,0,0
1774516720,0,0,0,0
1774516721,0,0,0,0
1774516722,0,0,0,0
1774516723,0,0,0,0
1774516724,0,0,0,0
1774516725,0,0,0,0
1774516726,0,0,0,0
1774516727,0,0,0,0
1774516728,0,0,0,0
1774516729,0,0,0,0
1774516730,0,0,0,0
1774516731,0,0,0,0
1774516732,0,0,0,0
1774516733,0,0,0,0
1774516734,0,0,0,0
1774516735,0,0,0,0
1774516736,0,0,0,0
1774516737,0,0,0,0
1774516738,0,0,0,0
1774516739,0,0,0,0
1774516740,0,0,0,0
1774516741,0,0,0,0
1774516742,0,0,0,0
1774516743,0,0,0,0
1774516744,0,0,0,0
1774516745,0,0,0,0
1774516746,0,0,0,0
1774516747,0,0,0,0
1774516748,0,0,0,0
1774516749,0,0,0,0
1774516750,0,0,0,0
1774516751,0,0,0,0
1774516752,0,0,0,0
1774516753,0,0,0,0
1774516754,0,0,0,0
1774516756,0,0,0,0
1774516757,0,0,0,0
1774516758,0,0,0,0
1774516759,0,0,0,0
1774516760,0,0,0,0
1774516761,0,0,0,0
1774516762,0,0,0,0
1774516763,0,0,0,0
1774516764,0,0,0,0
1774516765,0,0,0,0
1774516766,0,0,0,0
1774516767,0,0,0,0
1774516768,0,0,0,0
1774516769,0,0,0,0
1774516770,0,0,0,0
1774516771,0,0,0,0
1774516772,0,0,0,0
1774516773,0,0,0,0
1774516774,0,0,0,0
1774516775,0,0,0,0
1774516776,0,0,0,0
1774516777,0,0,0,0
1774516778,0,0,0,0
1774516779,0,0,0,0
1774516780,0,0,0,0
1774516781,0,0,0,0
1774516782,0,0,0,0
1774516783,0,0,0,0
1774516784,0,0,0,0
1774516785,0,0,0,0
1774516786,0,0,0,0
1774516787,0,0,0,0
1774516788,0,0,0,0
1774516789,0,0,0,0
1774516790,0,0,0,0
1774516791,0,0,0,0
1774516792,0,0,0,0
1774516793,0,0,0,0
1774516794,0,0,0,0
1774516795,0,0,0,0
1774516796,0,0,0,0
1774516797,0,0,0,0
1774516798,0,0,0,0
1774516799,0,0,0,0
1774516800,0,0,0,0
1774516801,0,0,0,0
1774516802,0,0,0,0
1774516803,0,0,0,0
1774516804,0,0,0,0
1774516805,0,0,0,0
1774516806,0,0,0,0
1774516807,0,0,0,0
1774516808,0,0,0,0
1774516809,0,0,0,0
1774516810,0,0,0,0
1774516812,0,0,0,0
1774516813,0,0,0,0
1774516814,0,0,0,0
1774516815,0,0,0,0
1774516816,0,0,0,0
1774516817,0,0,0,0
1774516818,0,0,0,0
1774516819,0,0,0,0
1774516820,0,0,0,0
1774516821,0,0,0,0
1774516822,0,0,0,0
1774516823,0,0,0,0
1774516824,0,0,0,0
1774516825,0,0,0,0
1774516826,0,0,0,0
1774516827,0,0,0,0
1774516828,0,0,0,0
1774516829,0,0,0,0
1774516830,0,0,0,0
1774516831,0,0,0,0
1774516832,0,0,0,0
1774516833,0,0,0,0
1774516834,0,0,0,0
1774516835,0,0,0,0
1774516836,0,0,0,0
1774516837,0,0,0,0
1774516838,0,0,0,0
1774516839,0,0,0,0
1774516840,0,0,0,0
1774516841,0,0,0,0
1774516842,0,0,0,0
1774516843,0,0,0,0
1774516844,0,0,0,0
1774516845,0,0,0,0
1774516846,0,0,0,0
1774516847,0,0,0,0
1774516848,0,0,0,0
1774516849,0,0,0,0
1774516850,0,0,0,0
1774516851,0,0,0,0
1774516852,0,0,0,0
1774516853,0,0,0,0
1774516854,0,0,0,0
1774516855,0,0,0,0
1774516856,0,0,0,0
1774516857,0,0,0,0
1774516858,0,0,0,0
1774516859,0,0,0,0
1774516860,0,0,0,0
1774516861,0,0,0,0
1774516862,0,0,0,0
1774516863,0,0,0,0
1774516864,0,0,0,0
1774516865,0,0,0,0
1774516866,0,0,0,0
1774516867,0,0,0,0
1774516868,0,0,0,0
1774516870,0,0,0,0
1774516871,0,0,0,0
1774516872,0,0,0,0
1774516873,0,0,0,0
1774516874,0,0,0,0
1774516875,0,0,0,0
1774516876,0,0,0,0
1774516877,0,0,0,0
1774516878,0,0,0,0
1774516879,0,0,0,0
1774516880,0,0,0,0
1774516881,0,0,0,0
1774516882,0,0,0,0
1774516883,0,0,0,0
1774516884,0,0,0,0
1774516885,0,0,0,0
1774516886,0,0,0,0
1774516887,0,0,0,0
1774516888,0,0,0,0
1774516889,0,0,0,0
1774516890,0,0,0,0
1774516891,0,0,0,0
1774516892,0,0,0,0
1774516893,0,0,0,0
1774516894,0,0,0,0
1774516895,0,0,0,0
1774516896,0,0,0,0
1774516897,0,0,0,0
1774516898,0,0,0,0
1774516899,0,0,0,0
1774516900,0,0,0,0
1774516901,0,0,0,0
1774516902,0,0,0,0
1774516903,0,0,0,0
1774516904,0,0,0,0
1774516905,0,0,0,0
1774516906,0,0,0,0
1774516907,0,0,0,0
1774516908,0,0,0,0
1774516909,0,0,0,0
1774516910,0,0,0,0
1774516911,0,0,0,0
1774516912,0,0,0,0
1774516913,0,0,0,0
1774516914,0,0,0,0
1774516915,0,0,0,0
1774516916,0,0,0,0
1774516918,0,0,0,0
1774516919,0,0,0,0
1774516920,0,0,0,0
1774516921,0,0,0,0
1774516922,0,0,0,0
1774516923,0,0,0,0
1774516924,0,0,0,0
1774516925,0,0,0,0
1774516926,0,0,0,0
1774516927,0,0,0,0
1774516928,0,0,0,0
1774516929,0,0,0,0
1774516930,0,0,0,0
1774516931,0,0,0,0
1774516932,0,0,0,0
1774516933,0,0,0,0
1774516934,0,0,0,0
1774516935,0,0,0,0
1774516936,0,0,0,0
1774516937,0,0,0,0
1774516938,0,0,0,0
1774516939,0,0,0,0
1774516940,0,0,0,0
1774516941,0,0,0,0
1774516942,0,0,0,0
1774516943,0,0,0,0
1774516944,0,0,0,0
1774516945,0,0,0,0
1774516946,0,0,0,0
1774516947,0,0,0,0
1774516948,0,0,0,0
1774516949,0,0,0,0
1774516950,0,0,0,0
1774516951,0,0,0,0
1774516952,0,0,0,0
1774516953,0,0,0,0
1774516954,0,0,0,0
1774516955,0,0,0,0
1774516956,0,0,0,0
1774516957,0,0,0,0
1774516958,0,0,0,0
1774516959,0,0,0,0
1774516960,0,0,0,0
1774516961,0,0,0,0
1774516962,0,0,0,0
1774516963,0,0,0,0
1774516964,0,0,0,0
1774516965,0,0,0,0
1774516966,0,0,0,0
1774516967,0,0,0,0
1774516968,0,0,0,0
1774516969,0,0,0,0
1774516970,0,0,0,0
1774516972,0,0,0,0
1774516973,0,0,0,0
1774516974,0,0,0,0
1774516975,0,0,0,0
1774516976,0,0,0,0
1774516977,0,0,0,0
1774516978,0,0,0,0
1774516979,0,0,0,0
1774516980,0,0,0,0
1774516981,0,0,0,0
1774516982,0,0,0,0
1774516983,0,0,0,0
1774516984,0,0,0,0
1774516985,0,0,0,0
1774516986,0,0,0,0
1774516987,0,0,0,0
1774516988,0,0,0,0
1774516989,0,0,0,0
1774516990,0,0,0,0
1774516991,0,0,0,0
1774516992,0,0,0,0
1774516993,0,0,0,0
1774516994,0,0,0,0
1774516995,0,0,0,0
1774516996,0,0,0,0
1774516997,0,0,0,0
1774516998,0,0,0,0
1774516999,0,0,0,0
1774517000,0,0,0,0
1774517001,0,0,0,0
1774517002,0,0,0,0
1774517003,0,0,0,0
1774517004,0,0,0,0
1774517005,0,0,0,0
1774517006,0,0,0,0
1774517007,0,0,0,0
1774517008,0,0,0,0
1774517009,0,0,0,0
1774517010,0,0,0,0
1774517011,0,0,0,0
1774517012,0,0,0,0
1774517013,0,0,0,0
1774517014,0,0,0,0
1774517015,0,0,0,0
1774517016,0,0,0,0
1774517017,0,0,0,0
1774517018,0,0,0,0
1774517019,0,0,0,0
1774517020,0,0,0,0
1774517021,0,0,0,0
1774517022,0,0,0,0
1774517023,0,0,0,0
1774517025,0,0,0,0
1774517026,0,0,0,0
1774517027,0,0,0,0
1774517028,0,0,0,0
1774517029,0,0,0,0
1774517030,0,0,0,0
1774517031,0,0,0,0
1774517032,0,0,0,0
1774517033,0,0,0,0
1774517034,0,0,0,0
1774517035,0,0,0,0
1774517036,0,0,0,0
1774517037,0,0,0,0
1774517038,0,0,0,0
1774517039,0,0,0,0
1774517040,0,0,0,0
1774517041,0,0,0,0
1774517042,0,0,0,0
1774517043,0,0,0,0
1774517044,0,0,0,0
1774517045,0,0,0,0
1774517046,0,0,0,0
1774517047,0,0,0,0
1774517048,0,0,0,0
1774517049,0,0,0,0
1774517050,0,0,0,0
1774517051,0,0,0,0
1774517052,0,0,0,0
1774517053,0,0,0,0
1774517054,0,0,0,0
1774517055,0,0,0,0
1774517056,0,0,0,0
1774517057,0,0,0,0
1774517058,0,0,0,0
1774517059,0,0,0,0
1774517060,0,0,0,0
1774517061,0,0,0,0
1774517062,0,0,0,0
1774517063,0,0,0,0
1774517064,0,0,0,0
1774517065,0,0,0,0
1774517066,0,0,0,0
1774517067,0,0,0,0
1774517068,0,0,0,0
1774517069,0,0,0,0
1774517070,0,0,0,0
1774517071,0,0,0,0
1774517072,0,0,0,0
1774517073,0,0,0,0
1774517075,0,0,0,0
1774517076,0,0,0,0
1774517077,0,0,0,0
1774517078,0,0,0,0
1774517079,0,0,0,0
1774517080,0,0,0,0
1774517081,0,0,0,0
1774517082,0,0,0,0
1774517083,0,0,0,0
1774517084,0,0,0,0
1774517085,0,0,0,0
1774517086,0,0,0,0
1774517087,0,0,0,0
1774517088,0,0,0,0
1774517089,0,0,0,0
1774517090,0,0,0,0
1774517091,0,0,0,0
1774517092,0,0,0,0
1774517093,0,0,0,0
1774517094,0,0,0,0
1774517095,0,0,0,0
1774517096,0,0,0,0
1774517097,0,0,0,0
1774517098,0,0,0,0
1774517099,0,0,0,0
1774517100,0,0,0,0
1774517101,0,0,0,0
1774517102,0,0,0,0
1774517103,0,0,0,0
1774517104,0,0,0,0
1774517105,0,0,0,0
1774517106,0,0,0,0
1774517107,0,0,0,0
1774517108,0,0,0,0
1774517109,0,0,0,0
1774517110,0,0,0,0
1774517111,0,0,0,0
1774517112,0,0,0,0
1774517113,0,0,0,0
1774517114,0,0,0,0
1774517115,0,0,0,0
1774517116,0,0,0,0
1774517117,0,0,0,0
1774517118,0,0,0,0
1774517119,0,0,0,0
1774517120,0,0,0,0
1774517121,0,0,0,0
1774517122,0,0,0,0
1774517123,0,0,0,0
1774517124,0,0,0,0
1774517125,0,0,0,0
1774517126,0,0,0,0
1774517127,0,0,0,0
1774517128,0,0,0,0
1774517130,0,0,0,0
1774517131,0,0,0,0
1774517132,0,0,0,0
1774517133,0,0,0,0
1774517134,0,0,0,0
1774517135,0,0,0,0
1774517136,0,0,0,0
1774517137,0,0,0,0
1774517138,0,0,0,0
1774517139,0,0,0,0
1774517140,0,0,0,0
1774517141,0,0,0,0
1774517142,0,0,0,0
1774517143,0,0,0,0
1774517144,0,0,0,0
1774517145,0,0,0,0
1774517146,0,0,0,0
1774517147,0,0,0,0
1774517148,0,0,0,0
1774517149,0,0,0,0
1774517150,0,0,0,0
1774517151,0,0,0,0
1774517152,0,0,0,0
1774517153,0,0,0,0
1774517154,0,0,0,0
1774517155,0,0,0,0
1774517156,0,0,0,0
1774517157,0,0,0,0
1774517158,0,0,0,0
1774517159,0,0,0,0
1774517160,0,0,0,0
1774517161,0,0,0,0
1774517162,0,0,0,0
1774517163,0,0,0,0
1774517164,0,0,0,0
1774517165,0,0,0,0
1774517166,0,0,0,0
1774517167,0,0,0,0
1774517168,0,0,0,0
1774517169,0,0,0,0
1774517170,0,0,0,0
1774517171,0,0,0,0
1774517172,0,0,0,0
1774517173,0,0,0,0
1774517174,0,0,0,0
1774517175,0,0,0,0
1774517176,0,0,0,0
1774517177,0,0,0,0
1774517178,0,0,0,0
1774517180,0,0,0,0
1774517181,0,0,0,0
1774517182,0,0,0,0
1774517183,0,0,0,0
1774517184,0,0,0,0
1774517185,0,0,0,0
1774517186,0,0,0,0
1774517187,0,0,0,0
1774517188,0,0,0,0
1774517189,0,0,0,0
1774517190,0,0,0,0
1774517191,0,0,0,0
1774517192,0,0,0,0
1774517193,0,0,0,0
1774517194,0,0,0,0
1774517195,0,0,0,0
1774517196,0,0,0,0
1774517197,0,0,0,0
1774517198,0,0,0,0
1774517199,0,0,0,0
1774517200,0,0,0,0
1774517201,0,0,0,0
1774517202,0,0,0,0
1774517203,0,0,0,0
1774517204,0,0,0,0
1774517205,0,0,0,0
1774517206,0,0,0,0
1774517207,0,0,0,0
1774517208,0,0,0,0
1774517209,0,0,0,0
1774517210,0,0,0,0
1774517211,0,0,0,0
1774517212,0,0,0,0
1774517213,0,0,0,0
1774517214,0,0,0,0
1774517215,0,0,0,0
1774517216,0,0,0,0
1774517217,0,0,0,0
1774517218,0,0,0,0
1774517219,0,0,0,0
1774517220,0,0,0,0
1774517221,0,0,0,0
1774517222,0,0,0,0
1774517223,0,0,0,0
1774517224,0,0,0,0
1774517225,0,0,0,0
1774517226,0,0,0,0
1774517227,0,0,0,0
1774517228,0,0,0,0
1774517229,0,0,0,0
1774517230,0,0,0,0
1774517231,0,0,0,0
1774517232,0,0,0,0
1774517234,0,0,0,0
1774517235,0,0,0,0
1774517236,0,0,0,0
1774517237,0,0,0,0
1774517238,0,0,0,0
1774517239,0,0,0,0
1774517240,0,0,0,0
1774517241,0,0,0,0
1774517242,0,0,0,0
1774517243,0,0,0,0
1774517244,0,0,0,0
1774517245,0,0,0,0
1774517246,0,0,0,0
1774517247,0,0,0,0
1774517248,0,0,0,0
1774517249,0,0,0,0
1774517250,0,0,0,0
1774517251,0,0,0,0
1774517252,0,0,0,0
1774517253,0,0,0,0
1774517254,0,0,0,0
1774517255,0,0,0,0
1774517256,0,0,0,0
1774517257,0,0,0,0
1774517258,0,0,0,0
1774517259,0,0,0,0
1774517260,0,0,0,0
1774517261,0,0,0,0
1774517262,0,0,0,0
1774517263,0,0,0,0
1774517264,0,0,0,0
1774517265,0,0,0,0
1774517266,0,0,0,0
1774517267,0,0,0,0
1774517268,0,0,0,0
1774517269,0,0,0,0
1774517270,0,0,0,0
1774517271,0,0,0,0
1774517272,0,0,0,0
1774517273,0,0,0,0
1774517274,0,0,0,0
1774517275,0,0,0,0
1774517276,0,0,0,0
1774517277,0,0,0,0
1774517278,0,0,0,0
1774517279,0,0,0,0
1774517280,0,0,0,0
1774517281,0,0,0,0
1774517282,0,0,0,0
1774517283,0,0,0,0
1774517284,0,0,0,0
1774517286,0,0,0,0
1774517287,0,0,0,0
1774517288,0,0,0,0
1774517289,0,0,0,0
1774517290,0,0,0,0
1774517291,0,0,0,0
1774517292,0,0,0,0
1774517293,0,0,0,0
1774517294,0,0,0,0
1774517295,0,0,0,0
1774517296,0,0,0,0
1774517297,0,0,0,0
1774517298,0,0,0,0
1774517299,0,0,0,0
1774517300,0,0,0,0
1774517301,0,0,0,0
1774517302,0,0,0,0
1774517303,0,0,0,0
1774517304,0,0,0,0
1774517305,0,0,0,0
1774517306,0,0,0,0
1774517307,0,0,0,0
1774517308,0,0,0,0
1774517309,0,0,0,0
1774517310,0,0,0,0
1774517311,0,0,0,0
1774517312,0,0,0,0
1774517313,0,0,0,0
1774517314,0,0,0,0
1774517315,0,0,0,0
1774517316,0,0,0,0
1774517317,0,0,0,0
1774517318,0,0,0,0
1774517319,0,0,0,0
1774517320,0,0,0,0
1774517321,0,0,0,0
1774517322,0,0,0,0
1774517323,0,0,0,0
1774517324,0,0,0,0
1774517325,0,0,0,0
1774517326,0,0,0,0
1774517327,0,0,0,0
1774517328,0,0,0,0
1774517329,0,0,0,0
1774517330,0,0,0,0
1774517331,0,0,0,0
1774517332,0,0,0,0
1774517333,0,0,0,0
1774517334,0,0,0,0
1774517336,0,0,0,0
1774517337,0,0,0,0
1774517338,0,0,0,0
1774517339,0,0,0,0
1774517340,0,0,0,0
1774517341,0,0,0,0
1774517342,0,0,0,0
1774517343,0,0,0,0
1774517344,0,0,0,0
1774517345,0,0,0,0
1774517346,0,0,0,0
1774517347,0,0,0,0
1774517348,0,0,0,0
1774517349,0,0,0,0
1774517350,0,0,0,0
1774517351,0,0,0,0
1774517352,0,0,0,0
1774517353,0,0,0,0
1774517354,0,0,0,0
1774517355,0,0,0,0
1774517356,0,0,0,0
1774517357,0,0,0,0
1774517358,0,0,0,0
1774517359,0,0,0,0
1774517360,0,0,0,0
1774517361,0,0,0,0
1774517362,0,0,0,0
1774517363,0,0,0,0
1774517364,0,0,0,0
1774517365,0,0,0,0
1774517366,0,0,0,0
1774517367,0,0,0,0
1774517368,0,0,0,0
1774517369,0,0,0,0
1774517370,0,0,0,0
1774517371,0,0,0,0
1774517372,0,0,0,0
1774517373,0,0,0,0
1774517374,0,0,0,0
1774517375,0,0,0,0
1774517376,0,0,0,0
1774517377,0,0,0,0
1774517378,0,0,0,0
1774517379,0,0,0,0
1774517380,0,0,0,0
1774517381,0,0,0,0
1774517382,0,0,0,0
1774517383,0,0,0,0
1774517384,0,0,0,0
1774517385,0,0,0,0
1774517386,0,0,0,0
1774517387,0,0,0,0
1774517388,0,0,0,0
1774517389,0,0,0,0
1774517391,0,0,0,0
1774517392,0,0,0,0
1774517393,0,0,0,0
1774517394,0,0,0,0
1774517395,0,0,0,0
1774517396,0,0,0,0
1774517397,0,0,0,0
1774517398,0,0,0,0
1774517399,0,0,0,0
1774517400,0,0,0,0
1774517401,0,0,0,0
1774517402,0,0,0,0
1774517403,0,0,0,0
1774517404,0,0,0,0
1774517405,0,0,0,0
1774517406,0,0,0,0
1774517407,0,0,0,0
1774517408,0,0,0,0
1774517409,0,0,0,0
1774517410,0,0,0,0
1774517411,0,0,0,0
1774517412,0,0,0,0
1774517413,0,0,0,0
1774517414,0,0,0,0
1774517415,0,0,0,0
1774517416,0,0,0,0
1774517417,0,0,0,0
1774517418,0,0,0,0
1774517419,0,0,0,0
1774517420,0,0,0,0
1774517421,0,0,0,0
1774517422,0,0,0,0
1774517423,0,0,0,0
1774517424,0,0,0,0
1774517425,0,0,0,0
1774517426,0,0,0,0
1774517427,0,0,0,0
1774517428,0,0,0,0
1774517429,0,0,0,0
1774517430,0,0,0,0
1774517431,0,0,0,0
1774517432,0,0,0,0
1774517433,0,0,0,0
1774517434,0,0,0,0
1774517435,0,0,0,0
1774517436,0,0,0,0
1774517437,0,0,0,0
1774517438,0,0,0,0
1774517439,0,0,0,0
1774517440,0,0,0,0
1774517441,0,0,0,0
1774517442,0,0,0,0
1774517443,0,0,0,0
1774517444,0,0,0,0
1774517446,0,0,0,0
1774517447,0,0,0,0
1774517448,0,0,0,0
1774517449,0,0,0,0
1774517450,0,0,0,0
1774517451,0,0,0,0
1774517452,0,0,0,0
1774517453,0,0,0,0
1774517454,0,0,0,0
1774517455,0,0,0,0
1774517456,0,0,0,0
1774517457,0,0,0,0
1774517458,0,0,0,0
1774517459,0,0,0,0
1774517460,0,0,0,0
1774517461,0,0,0,0
1774517462,0,0,0,0
1774517463,0,0,0,0
1774517464,0,0,0,0
1774517465,0,0,0,0
1774517466,0,0,0,0
1774517467,0,0,0,0
1774517468,0,0,0,0
1774517469,0,0,0,0
1774517470,0,0,0,0
1774517471,0,0,0,0
1774517472,0,0,0,0
1774517473,0,0,0,0
1774517474,0,0,0,0
1774517475,0,0,0,0
1774517476,0,0,0,0
1774517477,0,0,0,0
1774517478,0,0,0,0
1774517479,0,0,0,0
1774517480,0,0,0,0
1774517481,0,0,0,0
1774517482,0,0,0,0
1774517483,0,0,0,0
1774517484,0,0,0,0
1774517485,0,0,0,0
1774517486,0,0,0,0
1774517487,0,0,0,0
1774517488,0,0,0,0
1774517489,0,0,0,0
1774517490,0,0,0,0
1774517491,0,0,0,0
1774517492,0,0,0,0
1774517493,0,0,0,0
1774517494,0,0,0,0
1774517495,0,0,0,0
1774517496,0,0,0,0
1774517497,0,0,0,0
1774517498,0,0,0,0
1774517499,0,0,0,0
1774517500,0,0,0,0
1774517501,0,0,0,0
1774517502,0,0,0,0
1774517504,0,0,0,0
1774517505,0,0,0,0
1774517506,0,0,0,0
1774517507,0,0,0,0
1774517508,0,0,0,0
1774517509,0,0,0,0
1774517510,0,0,0,0
1774517511,0,0,0,0
1774517512,0,0,0,0
1774517513,0,0,0,0
1774517514,0,0,0,0
1774517515,0,0,0,0
1774517516,0,0,0,0
1774517517,0,0,0,0
1774517518,0,0,0,0
1774517519,0,0,0,0
1774517520,0,0,0,0
1774517521,0,0,0,0
1774517522,0,0,0,0
1774517523,0,0,0,0
1774517524,0,0,0,0
1774517525,0,0,0,0
1774517526,0,0,0,0
1774517527,0,0,0,0
1774517528,0,0,0,0
1774517529,0,0,0,0
1774517530,0,0,0,0
1774517531,0,0,0,0
1774517532,0,0,0,0
1774517533,0,0,0,0
1774517534,0,0,0,0
1774517535,0,0,0,0
1774517536,0,0,0,0
1774517537,0,0,0,0
1774517538,0,0,0,0
1774517539,0,0,0,0
1774517540,0,0,0,0
1774517541,0,0,0,0
1774517542,0,0,0,0
1774517543,0,0,0,0
1774517544,0,0,0,0
1774517545,0,0,0,0
1774517546,0,0,0,0
1774517547,0,0,0,0
1774517548,0,0,0,0
1774517549,0,0,0,0
1774517550,0,0,0,0
1774517551,0,0,0,0
1774517552,0,0,0,0
1774517553,0,0,0,0
1774517554,0,0,0,0
1774517555,0,0,0,0
1774517556,0,0,0,0
1774517557,0,0,0,0
1774517558,0,0,0,0
1774517559,0,0,0,0
1774517560,0,0,0,0
1774517561,0,0,0,0
1774517563,0,0,0,0
1774517564,0,0,0,0
1774517565,0,0,0,0
1774517566,0,0,0,0
1774517567,0,0,0,0
1774517568,0,0,0,0
1774517569,0,0,0,0
1774517570,0,0,0,0
1774517571,0,0,0,0
1774517572,0,0,0,0
1774517573,0,0,0,0
1774517574,0,0,0,0
1774517575,0,0,0,0
1774517576,0,0,0,0
1774517577,0,0,0,0
1774517578,0,0,0,0
1774517579,0,0,0,0
1774517580,0,0,0,0
1774517581,0,0,0,0
1774517582,0,0,0,0
1774517583,0,0,0,0
1774517584,0,0,0,0
1774517585,0,0,0,0
1774517586,0,0,0,0
1774517587,0,0,0,0
1774517588,0,0,0,0
1774517589,0,0,0,0
1774517590,0,0,0,0
1774517591,0,0,0,0
1774517592,0,0,0,0
1774517593,0,0,0,0
1774517594,0,0,0,0
1774517595,0,0,0,0
1774517596,0,0,0,0
1774517597,0,0,0,0
1774517598,0,0,0,0
1774517599,0,0,0,0
1774517600,0,0,0,0
1774517601,0,0,0,0
1774517602,0,0,0,0
1774517603,0,0,0,0
1774517604,0,0,0,0
1774517605,0,0,0,0
1774517606,0,0,0,0
1774517607,0,0,0,0
1774517608,0,0,0,0
1774517609,0,0,0,0
1774517610,0,0,0,0
1774517611,0,0,0,0
1774517612,0,0,0,0
1774517613,0,0,0,0
1774517614,0,0,0,0
1774517615,0,0,0,0
1774517616,0,0,0,0
1774517617,0,0,0,0
1774517618,0,0,0,0
1774517619,0,0,0,0
1774517621,0,0,0,0
1774517622,0,0,0,0
1774517623,0,0,0,0
1774517624,0,0,0,0
1774517625,0,0,0,0
1774517626,0,0,0,0
1774517627,0,0,0,0
1774517628,0,0,0,0
1774517629,0,0,0,0
1774517630,0,0,0,0
1774517631,0,0,0,0
1774517632,0,0,0,0
1774517633,0,0,0,0
1774517634,0,0,0,0
1774517635,0,0,0,0
1774517636,0,0,0,0
1774517637,0,0,0,0
1774517638,0,0,0,0
1774517639,0,0,0,0
1774517640,0,0,0,0
1774517641,0,0,0,0
1774517642,0,0,0,0
1774517643,0,0,0,0
1774517644,0,0,0,0
1774517645,0,0,0,0
1774517646,0,0,0,0
1774517647,0,0,0,0
1774517648,0,0,0,0
1774517649,0,0,0,0
1774517650,0,0,0,0
1774517651,0,0,0,0
1774517652,0,0,0,0
1774517653,0,0,0,0
1774517654,0,0,0,0
1774517655,0,0,0,0
1774517656,0,0,0,0
1774517657,0,0,0,0
1774517658,0,0,0,0
1774517659,0,0,0,0
1774517660,0,0,0,0
1774517661,0,0,0,0
1774517662,0,0,0,0
1774517663,0,0,0,0
1774517664,0,0,0,0
1774517665,0,0,0,0
1774517666,0,0,0,0
1774517667,0,0,0,0
1774517668,0,0,0,0
1774517669,0,0,0,0
1774517670,0,0,0,0
1774517671,0,0,0,0
1774517673,0,0,0,0
1774517674,0,0,0,0
1774517675,0,0,0,0
1774517676,0,0,0,0
1774517677,0,0,0,0
1774517678,0,0,0,0
1774517679,0,0,0,0
1774517680,0,0,0,0
1774517681,0,0,0,0
1774517682,0,0,0,0
1774517683,0,0,0,0
1774517684,0,0,0,0
1774517685,0,0,0,0
1774517686,0,0,0,0
1774517687,0,0,0,0
1774517688,0,0,0,0
1774517689,0,0,0,0
1774517690,0,0,0,0
1774517691,0,0,0,0
1774517692,0,0,0,0
1774517693,0,0,0,0
1774517694,0,0,0,0
1774517695,0,0,0,0
1774517696,0,0,0,0
1774517697,0,0,0,0
1774517698,0,0,0,0
1774517699,0,0,0,0
1774517700,0,0,0,0
1774517701,0,0,0,0
1774517702,0,0,0,0
1774517703,0,0,0,0
1774517704,0,0,0,0
1774517705,0,0,0,0
1774517706,0,0,0,0
1774517707,0,0,0,0
1774517708,0,0,0,0
1774517709,0,0,0,0
1774517710,0,0,0,0
1774517711,0,0,0,0
1774517712,0,0,0,0
1774517713,0,0,0,0
1774517714,0,0,0,0
1774517715,0,0,0,0
1774517716,0,0,0,0
1774517717,0,0,0,0
1774517718,0,0,0,0
1774517719,0,0,0,0
1774517720,0,0,0,0
1774517721,0,0,0,0
1774517722,0,0,0,0
1774517723,0,0,0,0
1774517725,0,0,0,0
1774517726,0,0,0,0
1774517727,0,0,0,0
1774517728,0,0,0,0
1774517729,0,0,0,0
1774517730,0,0,0,0
1774517731,0,0,0,0
1774517732,0,0,0,0
1774517733,0,0,0,0
1774517734,0,0,0,0
1774517735,0,0,0,0
1774517736,0,0,0,0
1774517737,0,0,0,0
1774517738,0,0,0,0
1774517739,0,0,0,0
1774517740,0,0,0,0
1774517741,0,0,0,0
1774517742,0,0,0,0
1774517743,0,0,0,0
1774517744,0,0,0,0
1774517745,0,0,0,0
1774517746,0,0,0,0
1774517747,0,0,0,0
1774517748,0,0,0,0
1774517749,0,0,0,0
1774517750,0,0,0,0
1774517751,0,0,0,0
1774517752,0,0,0,0
1774517753,0,0,0,0
1774517754,0,0,0,0
1774517755,0,0,0,0
1774517756,0,0,0,0
1774517757,0,0,0,0
1774517758,0,0,0,0
1774517759,0,0,0,0
1774517760,0,0,0,0
1774517761,0,0,0,0
1774517762,0,0,0,0
1774517763,0,0,0,0
1774517764,0,0,0,0
1774517765,0,0,0,0
1774517766,0,0,0,0
1774517767,0,0,0,0
1774517768,0,0,0,0
1774517769,0,0,0,0
1774517770,0,0,0,0
1774517771,0,0,0,0
1774517772,0,0,0,0
1774517774,0,0,0,0
1774517775,0,0,0,0
1774517776,0,0,0,0
1774517777,0,0,0,0
1774517778,0,0,0,0
1774517779,0,0,0,0
1774517780,0,0,0,0
1774517781,0,0,0,0
1774517782,0,0,0,0
1774517783,0,0,0,0
1774517784,0,0,0,0
1774517785,0,0,0,0
1774517786,0,0,0,0
1774517787,0,0,0,0
1774517788,0,0,0,0
1774517789,0,0,0,0
1774517790,0,0,0,0
1774517791,0,0,0,0
1774517792,0,0,0,0
1774517793,0,0,0,0
1774517794,0,0,0,0
1774517795,0,0,0,0
1774517796,0,0,0,0
1774517797,0,0,0,0
1774517798,0,0,0,0
1774517799,0,0,0,0
1774517800,0,0,0,0
1774517801,0,0,0,0
1774517802,0,0,0,0
1774517803,0,0,0,0
1774517804,0,0,0,0
1774517805,0,0,0,0
1774517806,0,0,0,0
1774517807,0,0,0,0
1774517808,0,0,0,0
1774517809,0,0,0,0
1774517810,0,0,0,0
1774517811,0,0,0,0
1774517812,0,0,0,0
1774517813,0,0,0,0
1774517814,0,0,0,0
1774517815,0,0,0,0
1774517816,0,0,0,0
1774517817,0,0,0,0
1774517818,0,0,0,0
1774517819,0,0,0,0
1774517820,0,0,0,0
1774517821,0,0,0,0
1774517822,0,0,0,0
1774517823,0,0,0,0
1774517824,0,0,0,0
1774517826,0,0,0,0
1774517827,0,0,0,0
1774517828,0,0,0,0
1774517829,0,0,0,0
1774517830,0,0,0,0
1774517831,0,0,0,0
1774517832,0,0,0,0
1774517833,0,0,0,0
1774517834,0,0,0,0
1774517835,0,0,0,0
1774517836,0,0,0,0
1774517837,0,0,0,0
1774517838,0,0,0,0
1774517839,0,0,0,0
1774517840,0,0,0,0
1774517841,0,0,0,0
1774517842,0,0,0,0
1774517843,0,0,0,0
1774517844,0,0,0,0
1774517845,0,0,0,0
1774517846,0,0,0,0
1774517847,0,0,0,0
1774517848,0,0,0,0
1774517849,0,0,0,0
1774517850,0,0,0,0
1774517851,0,0,0,0
1774517852,0,0,0,0
1774517853,0,0,0,0
1774517854,0,0,0,0
1774517855,0,0,0,0
1774517856,0,0,0,0
1774517857,0,0,0,0
1774517858,0,0,0,0
1774517859,0,0,0,0
1774517860,0,0,0,0
1774517861,0,0,0,0
1774517862,0,0,0,0
1774517863,0,0,0,0
1774517864,0,0,0,0
1774517865,0,0,0,0
1774517866,0,0,0,0
1774517867,0,0,0,0
1774517868,0,0,0,0
1774517869,0,0,0,0
1774517870,0,0,0,0
1774517871,0,0,0,0
1774517872,0,0,0,0
1774517873,0,0,0,0
1774517874,0,0,0,0
1774517875,0,0,0,0
1774517876,0,0,0,0
1774517877,0,0,0,0
1774517878,0,0,0,0
1774517879,0,0,0,0
1774517881,0,0,0,0
1774517882,0,0,0,0
1774517883,0,0,0,0
1774517884,0,0,0,0
1774517885,0,0,0,0
1774517886,0,0,0,0
1774517887,0,0,0,0
1774517888,0,0,0,0
1774517889,0,0,0,0
1774517890,0,0,0,0
1774517891,0,0,0,0
1774517892,0,0,0,0
1774517893,0,0,0,0
1774517894,0,0,0,0
1774517895,0,0,0,0
1774517896,0,0,0,0
1774517897,0,0,0,0
1774517898,0,0,0,0
1774517899,0,0,0,0
1774517900,0,0,0,0
1774517901,0,0,0,0
1774517902,0,0,0,0
1774517903,0,0,0,0
1774517904,0,0,0,0
1774517905,0,0,0,0
1774517906,0,0,0,0
1774517907,0,0,0,0
1774517908,0,0,0,0
1774517909,0,0,0,0
1774517910,0,0,0,0
1774517911,0,0,0,0
1774517912,0,0,0,0
1774517913,0,0,0,0
1774517914,0,0,0,0
1774517915,0,0,0,0
1774517916,0,0,0,0
1774517917,0,0,0,0
1774517918,0,0,0,0
1774517919,0,0,0,0
1774517920,0,0,0,0
1774517921,0,0,0,0
1774517922,0,0,0,0
1774517923,0,0,0,0
1774517924,0,0,0,0
1774517925,0,0,0,0
1774517926,0,0,0,0
1774517927,0,0,0,0
1774517928,0,0,0,0
1774517929,0,0,0,0
1774517930,0,0,0,0
1774517931,0,0,0,0
1774517932,0,0,0,0
1774517933,0,0,0,0
1774517935,0,0,0,0
1774517936,0,0,0,0
1774517937,0,0,0,0
1774517938,0,0,0,0
1774517939,0,0,0,0
1774517940,0,0,0,0
1774517941,0,0,0,0
1774517942,0,0,0,0
1774517943,0,0,0,0
1774517944,0,0,0,0
1774517945,0,0,0,0
1774517946,0,0,0,0
1774517947,0,0,0,0
1774517948,0,0,0,0
1774517949,0,0,0,0
1774517950,0,0,0,0
1774517951,0,0,0,0
1774517952,0,0,0,0
1774517953,0,0,0,0
1774517954,0,0,0,0
1774517955,0,0,0,0
1774517956,0,0,0,0
1774517957,0,0,0,0
1774517958,0,0,0,0
1774517959,0,0,0,0
1774517960,0,0,0,0
1774517961,0,0,0,0
1774517962,0,0,0,0
1774517963,0,0,0,0
1774517964,0,0,0,0
1774517965,0,0,0,0
1774517966,0,0,0,0
1774517967,0,0,0,0
1774517968,0,0,0,0
1774517969,0,0,0,0
1774517970,0,0,0,0
1774517971,0,0,0,0
1774517972,0,0,0,0
1774517973,0,0,0,0
1774517974,0,0,0,0
1774517975,0,0,0,0
1774517976,0,0,0,0
1774517977,0,0,0,0
1774517978,0,0,0,0
1774517979,0,0,0,0
1774517980,0,0,0,0
1774517981,0,0,0,0
1774517982,0,0,0,0
1774517984,0,0,0,0
1774517985,0,0,0,0
1774517986,0,0,0,0
1774517987,0,0,0,0
1774517988,0,0,0,0
1774517989,0,0,0,0
1774517990,0,0,0,0
1774517991,0,0,0,0
1774517992,0,0,0,0
1774517993,0,0,0,0
1774517994,0,0,0,0
1774517995,0,0,0,0
1774517996,0,0,0,0
1774517997,0,0,0,0
1774517998,0,0,0,0
1774517999,0,0,0,0
1774518000,0,0,0,0
1774518001,0,0,0,0
1774518002,0,0,0,0
1774518003,0,0,0,0
1774518004,0,0,0,0
1774518005,0,0,0,0
1774518006,0,0,0,0
1774518007,0,0,0,0
1774518008,0,0,0,0
1774518009,0,0,0,0
1774518010,0,0,0,0
1774518011,0,0,0,0
1774518012,0,0,0,0
1774518013,0,0,0,0
1774518014,0,0,0,0
1774518015,0,0,0,0
1774518016,0,0,0,0
1774518017,0,0,0,0
1774518018,0,0,0,0
1774518019,0,0,0,0
1774518020,0,0,0,0
1774518021,0,0,0,0
1774518022,0,0,0,0
1774518023,0,0,0,0
1774518024,0,0,0,0
1774518025,0,0,0,0
1774518026,0,0,0,0
1774518027,0,0,0,0
1774518028,0,0,0,0
1774518029,0,0,0,0
1774518030,0,0,0,0
1774518031,0,0,0,0
1774518032,0,0,0,0
1774518033,0,0,0,0
1774518034,0,0,0,0
1774518035,0,0,0,0
1774518036,0,0,0,0
1774518037,0,0,0,0
1774518038,0,0,0,0
1774518039,0,0,0,0
1774518040,0,0,0,0
1774518041,0,0,0,0
1774518042,0,0,0,0
1774518043,0,0,0,0
1774518044,0,0,0,0
1774518045,0,0,0,0
1774518046,0,0,0,0
1774518047,0,0,0,0
1774518048,0,0,0,0
1774518049,0,0,0,0
1774518050,0,0,0,0
1774518052,0,0,0,0
1774518053,0,0,0,0
1774518054,0,0,0,0
1774518055,0,0,0,0
1774518056,0,0,0,0
1774518057,0,0,0,0
1774518058,0,0,0,0
1774518059,0,0,0,0
1774518060,0,0,0,0
1774518061,0,0,0,0
1774518062,0,0,0,0
1774518063,0,0,0,0
1774518064,0,0,0,0
1774518065,0,0,0,0
1774518066,0,0,0,0
1774518067,0,0,0,0
1774518068,0,0,0,0
1774518069,0,0,0,0
1774518070,0,0,0,0
1774518071,0,0,0,0
1774518072,0,0,0,0
1774518073,0,0,0,0
1774518074,0,0,0,0
1774518075,0,0,0,0
1774518076,0,0,0,0
1774518077,0,0,0,0
1774518078,0,0,0,0
1774518079,0,0,0,0
1774518080,0,0,0,0
1774518081,0,0,0,0
1774518082,0,0,0,0
1774518083,0,0,0,0
1774518084,0,0,0,0
1774518085,0,0,0,0
1774518086,0,0,0,0
1774518087,0,0,0,0
1774518088,0,0,0,0
1774518089,0,0,0,0
1774518090,0,0,0,0
1774518091,0,0,0,0
1774518092,0,0,0,0
1774518093,0,0,0,0
1774518094,0,0,0,0
1774518095,0,0,0,0
1774518096,0,0,0,0
1774518097,0,0,0,0
1774518098,0,0,0,0
1774518099,0,0,0,0
1774518100,0,0,0,0
1774518101,0,0,0,0
1774518102,0,0,0,0
1774518104,0,0,0,0
1774518105,0,0,0,0
1774518106,0,0,0,0
1774518107,0,0,0,0
1774518108,0,0,0,0
1774518109,0,0,0,0
1774518110,0,0,0,0
1774518111,0,0,0,0
1774518112,0,0,0,0
1774518113,0,0,0,0
1774518114,0,0,0,0
1774518115,0,0,0,0
1774518116,0,0,0,0
1774518117,0,0,0,0
1774518118,0,0,0,0
1774518119,0,0,0,0
1774518120,0,0,0,0
1774518121,0,0,0,0
1774518122,0,0,0,0
1774518123,0,0,0,0
1774518124,0,0,0,0
1774518125,0,0,0,0
1774518126,0,0,0,0
1774518127,0,0,0,0
1774518128,0,0,0,0
1774518129,0,0,0,0
1774518130,0,0,0,0
1774518131,0,0,0,0
1774518132,0,0,0,0
1774518133,0,0,0,0
1774518134,0,0,0,0
1774518135,0,0,0,0
1774518136,0,0,0,0
1774518137,0,0,0,0
1774518138,0,0,0,0
1774518139,0,0,0,0
1774518140,0,0,0,0
1774518141,0,0,0,0
1774518142,0,0,0,0
1774518143,0,0,0,0
1774518144,0,0,0,0
1774518145,0,0,0,0
1774518146,0,0,0,0
1774518147,0,0,0,0
1774518148,0,0,0,0
1774518149,0,0,0,0
1774518150,0,0,0,0
1774518151,0,0,0,0
1774518152,0,0,0,0
1774518153,0,0,0,0
1774518154,0,0,0,0
1774518155,0,0,0,0
1774518156,0,0,0,0
1774518157,0,0,0,0
1774518158,0,0,0,0
1774518159,0,0,0,0
1774518161,0,0,0,0
1774518162,0,0,0,0
1774518163,0,0,0,0
1774518164,0,0,0,0
1774518165,0,0,0,0
1774518166,0,0,0,0
1774518167,0,0,0,0
1774518168,0,0,0,0
1774518169,0,0,0,0
1774518170,0,0,0,0
1774518171,0,0,0,0
1774518172,0,0,0,0
1774518173,0,0,0,0
1774518174,0,0,0,0
1774518175,0,0,0,0
1774518176,0,0,0,0
1774518177,0,0,0,0
1774518178,0,0,0,0
1774518179,0,0,0,0
1774518180,0,0,0,0
1774518181,0,0,0,0
1774518182,0,0,0,0
1774518183,0,0,0,0
1774518184,0,0,0,0
1774518185,0,0,0,0
1774518186,0,0,0,0
1774518187,0,0,0,0
1774518188,0,0,0,0
1774518189,0,0,0,0
1774518190,0,0,0,0
1774518191,0,0,0,0
1774518192,0,0,0,0
1774518193,0,0,0,0
1774518194,0,0,0,0
1774518195,0,0,0,0
1774518196,0,0,0,0
1774518197,0,0,0,0
1774518198,0,0,0,0
1774518199,0,0,0,0
1774518200,0,0,0,0
1774518201,0,0,0,0
1774518202,0,0,0,0
1774518203,0,0,0,0
1774518204,0,0,0,0
1774518205,0,0,0,0
1774518206,0,0,0,0
1774518207,0,0,0,0
1774518208,0,0,0,0
1774518209,0,0,0,0
1774518210,0,0,0,0
1774518211,0,0,0,0
1774518212,0,0,0,0
1774518213,0,0,0,0
1774518214,0,0,0,0
1774518216,0,0,0,0
1774518217,0,0,0,0
1774518218,0,0,0,0
1774518219,0,0,0,0
1774518220,0,0,0,0
1774518221,0,0,0,0
1774518222,0,0,0,0
1774518223,0,0,0,0
1774518224,0,0,0,0
1774518225,0,0,0,0
1774518226,0,0,0,0
1774518227,0,0,0,0
1774518228,0,0,0,0
1774518229,0,0,0,0
1774518230,0,0,0,0
1774518231,0,0,0,0
1774518232,0,0,0,0
1774518233,0,0,0,0
1774518234,0,0,0,0
1774518235,0,0,0,0
1774518236,0,0,0,0
1774518237,0,0,0,0
1774518238,0,0,0,0
1774518239,0,0,0,0
1774518240,0,0,0,0
1774518241,0,0,0,0
1774518242,0,0,0,0
1774518243,0,0,0,0
1774518244,0,0,0,0
1774518245,0,0,0,0
1774518246,0,0,0,0
1774518247,0,0,0,0
1774518248,0,0,0,0
1774518249,0,0,0,0
1774518250,0,0,0,0
1774518251,0,0,0,0
1774518252,0,0,0,0
1774518253,0,0,0,0
1774518254,0,0,0,0
1774518255,0,0,0,0
1774518256,0,0,0,0
1774518257,0,0,0,0
1774518258,0,0,0,0
1774518259,0,0,0,0
1774518260,0,0,0,0
1774518261,0,0,0,0
1774518262,0,0,0,0
1774518263,0,0,0,0
1774518264,0,0,0,0
1774518265,0,0,0,0
1774518266,0,0,0,0
1774518267,0,0,0,0
1774518268,0,0,0,0
1774518269,0,0,0,0
1774518270,0,0,0,0
1774518271,0,0,0,0
1774518272,0,0,0,0
1774518273,0,0,0,0
1774518274,0,0,0,0
1774518276,0,0,0,0
1774518277,0,0,0,0
1774518278,0,0,0,0
1774518279,0,0,0,0
1774518280,0,0,0,0
1774518281,0,0,0,0
1774518282,0,0,0,0
1774518283,0,0,0,0
1774518284,0,0,0,0
1774518285,0,0,0,0
1774518286,0,0,0,0
1774518287,0,0,0,0
1774518288,0,0,0,0
1774518289,0,0,0,0
1774518290,0,0,0,0
1774518291,0,0,0,0
1774518292,0,0,0,0
1774518293,0,0,0,0
1774518294,0,0,0,0
1774518295,0,0,0,0
1774518296,0,0,0,0
1774518297,0,0,0,0
1774518298,0,0,0,0
1774518299,0,0,0,0
1774518300,0,0,0,0
1774518301,0,0,0,0
1774518302,0,0,0,0
1774518303,0,0,0,0
1774518304,0,0,0,0
1774518305,0,0,0,0
1774518306,0,0,0,0
1774518307,0,0,0,0
1774518308,0,0,0,0
1774518309,0,0,0,0
1774518310,0,0,0,0
1774518311,0,0,0,0
1774518312,0,0,0,0
1774518313,0,0,0,0
1774518314,0,0,0,0
1774518315,0,0,0,0
1774518316,0,0,0,0
1774518317,0,0,0,0
1774518318,0,0,0,0
1774518319,0,0,0,0
1774518320,0,0,0,0
1774518321,0,0,0,0
1774518322,0,0,0,0
1774518323,0,0,0,0
1774518324,0,0,0,0
1774518325,0,0,0,0
1774518326,0,0,0,0
1774518327,0,0,0,0
1774518328,0,0,0,0
1774518329,0,0,0,0
1774518330,0,0,0,0
1774518332,0,0,0,0
1774518333,0,0,0,0
1774518334,0,0,0,0
1774518335,0,0,0,0
1774518336,0,0,0,0
1774518337,0,0,0,0
1774518338,0,0,0,0
1774518339,0,0,0,0
1774518340,0,0,0,0
1774518341,0,0,0,0
1774518342,0,0,0,0
1774518343,0,0,0,0
1774518344,0,0,0,0
1774518345,0,0,0,0
1774518346,0,0,0,0
1774518347,0,0,0,0
1774518348,0,0,0,0
1774518349,0,0,0,0
1774518350,0,0,0,0
1774518351,0,0,0,0
1774518352,0,0,0,0
1774518353,0,0,0,0
1774518354,0,0,0,0
1774518355,0,0,0,0
1774518356,0,0,0,0
1774518357,0,0,0,0
1774518358,0,0,0,0
1774518359,0,0,0,0
1774518360,0,0,0,0
1774518361,0,0,0,0
1774518362,0,0,0,0
1774518363,0,0,0,0
1774518364,0,0,0,0
1774518365,0,0,0,0
1774518366,0,0,0,0
1774518367,0,0,0,0
1774518368,0,0,0,0
1774518369,0,0,0,0
1774518370,0,0,0,0
1774518371,0,0,0,0
1774518372,0,0,0,0
1774518373,0,0,0,0
1774518374,0,0,0,0
1774518375,0,0,0,0
1774518376,0,0,0,0
1774518377,0,0,0,0
1774518378,0,0,0,0
1774518379,0,0,0,0
1774518380,0,0,0,0
1774518381,0,0,0,0
1774518382,0,0,0,0
1774518383,0,0,0,0
1774518384,0,0,0,0
1774518385,0,0,0,0
1774518386,0,0,0,0
1774518387,0,0,0,0
1774518388,0,0,0,0
1774518389,0,0,0,0
1774518390,0,0,0,0
1774518392,0,0,0,0
1774518393,0,0,0,0
1774518394,0,0,0,0
1774518395,0,0,0,0
1774518396,0,0,0,0
1774518397,0,0,0,0
1774518398,0,0,0,0
1774518399,0,0,0,0
1774518400,0,0,0,0
1774518401,0,0,0,0
1774518402,0,0,0,0
1774518403,0,0,0,0
1774518404,0,0,0,0
1774518405,0,0,0,0
1774518406,0,0,0,0
1774518407,0,0,0,0
1774518408,0,0,0,0
1774518409,0,0,0,0
1774518410,0,0,0,0
1774518411,0,0,0,0
1774518412,0,0,0,0
1774518413,0,0,0,0
1774518414,0,0,0,0
1774518415,0,0,0,0
1774518416,0,0,0,0
1774518417,0,0,0,0
1774518418,0,0,0,0
1774518419,0,0,0,0
1774518420,0,0,0,0
1774518421,0,0,0,0
1774518422,0,0,0,0
1774518423,0,0,0,0
1774518424,0,0,0,0
1774518425,0,0,0,0
1774518426,0,0,0,0
1774518427,0,0,0,0
1774518428,0,0,0,0
1774518429,0,0,0,0
1774518430,0,0,0,0
1774518431,0,0,0,0
1774518432,0,0,0,0
1774518433,0,0,0,0
1774518434,0,0,0,0
1774518435,0,0,0,0
1774518436,0,0,0,0
1774518437,0,0,0,0
1774518438,0,0,0,0
1774518439,0,0,0,0
1774518440,0,0,0,0
1774518441,0,0,0,0
1774518442,0,0,0,0
1774518443,0,0,0,0
1774518444,0,0,0,0
1774518445,0,0,0,0
1774518446,0,0,0,0
1774518447,0,0,0,0
1774518448,0,0,0,0
1774518449,0,0,0,0
1774518450,0,0,0,0
1774518451,0,0,0,0
1774518452,0,0,0,0
1774518453,0,0,0,0
1774518454,0,0,0,0
1774518455,0,0,0,0
1774518456,0,0,0,0
1774518458,0,0,0,0
1774518459,0,0,0,0
1774518460,0,0,0,0
1774518461,0,0,0,0
1774518462,0,0,0,0
1774518463,0,0,0,0
1774518464,0,0,0,0
1774518465,0,0,0,0
1774518466,0,0,0,0
1774518467,0,0,0,0
1774518468,0,0,0,0
1774518469,0,0,0,0
1774518470,0,0,0,0
1774518471,0,0,0,0
1774518472,0,0,0,0
1774518473,0,0,0,0
1774518474,0,0,0,0
1774518475,0,0,0,0
1774518476,0,0,0,0
1774518477,0,0,0,0
1774518478,0,0,0,0
1774518479,0,0,0,0
1774518480,0,0,0,0
1774518481,0,0,0,0
1774518482,0,0,0,0
1774518483,0,0,0,0
1774518484,0,0,0,0
1774518485,0,0,0,0
1774518486,0,0,0,0
1774518487,0,0,0,0
1774518488,0,0,0,0
1774518489,0,0,0,0
1774518490,0,0,0,0
1774518491,0,0,0,0
1774518492,0,0,0,0
1774518493,0,0,0,0
1774518494,0,0,0,0
1774518495,0,0,0,0
1774518496,0,0,0,0
1774518497,0,0,0,0
1774518498,0,0,0,0
1774518499,0,0,0,0
1774518500,0,0,0,0
1774518501,0,0,0,0
1774518502,0,0,0,0
1774518503,0,0,0,0
1774518504,0,0,0,0
1774518505,0,0,0,0
1774518506,0,0,0,0
1774518507,0,0,0,0
1774518508,0,0,0,0
1774518509,0,0,0,0
1774518510,0,0,0,0
1774518511,0,0,0,0
1774518512,0,0,0,0
1774518513,0,0,0,0
1774518514,0,0,0,0
1774518515,0,0,0,0
1774518517,0,0,0,0
1774518518,0,0,0,0
1774518519,0,0,0,0
1774518520,0,0,0,0
1774518521,0,0,0,0
1774518522,0,0,0,0
1774518523,0,0,0,0
1774518524,0,0,0,0
1774518525,0,0,0,0
1774518526,0,0,0,0
1774518527,0,0,0,0
1774518528,0,0,0,0
1774518529,0,0,0,0
1774518530,0,0,0,0
1774518531,0,0,0,0
1774518532,0,0,0,0
1774518533,0,0,0,0
1774518534,0,0,0,0
1774518535,0,0,0,0
1774518536,0,0,0,0
1774518537,0,0,0,0
1774518538,0,0,0,0
1774518539,0,0,0,0
1774518540,0,0,0,0
1774518541,0,0,0,0
1774518542,0,0,0,0
1774518543,0,0,0,0
1774518544,0,0,0,0
1774518545,0,0,0,0
1774518546,0,0,0,0
1774518547,0,0,0,0
1774518548,0,0,0,0
1774518549,0,0,0,0
1774518550,0,0,0,0
1774518551,0,0,0,0
1774518552,0,0,0,0
1774518553,0,0,0,0
1774518554,0,0,0,0
1774518555,0,0,0,0
1774518556,0,0,0,0
1774518557,0,0,0,0
1774518558,0,0,0,0
1774518559,0,0,0,0
1774518560,0,0,0,0
1774518561,0,0,0,0
1774518562,0,0,0,0
1774518563,0,0,0,0
1774518564,0,0,0,0
1774518565,0,0,0,0
1774518566,0,0,0,0
1774518567,0,0,0,0
1774518568,0,0,0,0
1774518569,0,0,0,0
1774518571,0,0,0,0
1774518572,0,0,0,0
1774518573,0,0,0,0
1774518574,0,0,0,0
1774518575,0,0,0,0
1774518576,0,0,0,0
1774518577,0,0,0,0
1774518578,0,0,0,0
1774518579,0,0,0,0
1774518580,0,0,0,0
1774518581,0,0,0,0
1774518582,0,0,0,0
1774518583,0,0,0,0
1774518584,0,0,0,0
1774518585,0,0,0,0
1774518586,0,0,0,0
1774518587,0,0,0,0
1774518588,0,0,0,0
1774518589,0,0,0,0
1774518590,0,0,0,0
1774518591,0,0,0,0
1774518592,0,0,0,0
1774518593,0,0,0,0
1774518594,0,0,0,0
1774518595,0,0,0,0
1774518596,0,0,0,0
1774518597,0,0,0,0
1774518598,0,0,0,0
1774518599,0,0,0,0
1774518600,0,0,0,0
1774518601,0,0,0,0
1774518602,0,0,0,0
1774518603,0,0,0,0
1774518604,0,0,0,0
1774518605,0,0,0,0
1774518606,0,0,0,0
1774518607,0,0,0,0
1774518608,0,0,0,0
1774518609,0,0,0,0
1774518610,0,0,0,0
1774518611,0,0,0,0
1774518612,0,0,0,0
1774518613,0,0,0,0
1774518614,0,0,0,0
1774518615,0,0,0,0
1774518616,0,0,0,0
1774518617,0,0,0,0
1774518618,0,0,0,0
1774518619,0,0,0,0
1774518620,0,0,0,0
1774518621,0,0,0,0
1774518622,0,0,0,0
1774518623,0,0,0,0
1774518624,0,0,0,0
1774518625,0,0,0,0
1774518626,0,0,0,0
1774518628,0,0,0,0
1774518629,0,0,0,0
1774518630,0,0,0,0
1774518631,0,0,0,0
1774518632,0,0,0,0
1774518633,0,0,0,0
1774518634,0,0,0,0
1774518635,0,0,0,0
1774518636,0,0,0,0
1774518637,0,0,0,0
1774518638,0,0,0,0
1774518639,0,0,0,0
1774518640,0,0,0,0
1774518641,0,0,0,0
1774518642,0,0,0,0
1774518643,0,0,0,0
1774518644,0,0,0,0
1774518645,0,0,0,0
1774518646,0,0,0,0
1774518647,0,0,0,0
1774518648,0,0,0,0
1774518649,0,0,0,0
1774518650,0,0,0,0
1774518651,0,0,0,0
1774518652,0,0,0,0
1774518653,0,0,0,0
1774518654,0,0,0,0
1774518655,0,0,0,0
1774518656,0,0,0,0
1774518657,0,0,0,0
1774518658,0,0,0,0
1774518659,0,0,0,0
1774518660,0,0,0,0
1774518661,0,0,0,0
1774518662,0,0,0,0
1774518663,0,0,0,0
1774518664,0,0,0,0
1774518665,0,0,0,0
1774518666,0,0,0,0
1774518667,0,0,0,0
1774518668,0,0,0,0
1774518669,0,0,0,0
1774518670,0,0,0,0
1774518671,0,0,0,0
1774518672,0,0,0,0
1774518673,0,0,0,0
1774518674,0,0,0,0
1774518675,0,0,0,0
1774518676,0,0,0,0
1774518677,0,0,0,0
1774518678,0,0,0,0
1774518679,0,0,0,0
1774518680,0,0,0,0
1774518682,0,0,0,0
1774518683,0,0,0,0
1774518684,0,0,0,0
1774518685,0,0,0,0
1774518686,0,0,0,0
1774518687,0,0,0,0
1774518688,0,0,0,0
1774518689,0,0,0,0
1774518690,0,0,0,0
1774518691,0,0,0,0
1774518692,0,0,0,0
1774518693,0,0,0,0
1774518694,0,0,0,0
1774518695,0,0,0,0
1774518696,0,0,0,0
1774518697,0,0,0,0
1774518698,0,0,0,0
1774518699,0,0,0,0
1774518700,0,0,0,0
1774518701,0,0,0,0
1774518702,0,0,0,0
1774518703,0,0,0,0
1774518704,0,0,0,0
1774518705,0,0,0,0
1774518706,0,0,0,0
1774518707,0,0,0,0
1774518708,0,0,0,0
1774518709,0,0,0,0
1774518710,0,0,0,0
1774518711,0,0,0,0
1774518712,0,0,0,0
1774518713,0,0,0,0
1774518714,0,0,0,0
1774518715,0,0,0,0
1774518716,0,0,0,0
1774518717,0,0,0,0
1774518718,0,0,0,0
1774518719,0,0,0,0
1774518720,0,0,0,0
1774518721,0,0,0,0
1774518722,0,0,0,0
1774518723,0,0,0,0
1774518724,0,0,0,0
1774518725,0,0,0,0
1774518726,0,0,0,0
1774518727,0,0,0,0
1774518728,0,0,0,0
1774518729,0,0,0,0
1774518730,0,0,0,0
1774518731,0,0,0,0
1774518732,0,0,0,0
1774518733,0,0,0,0
1774518735,0,0,0,0
1774518736,0,0,0,0
1774518737,0,0,0,0
1774518738,0,0,0,0
1774518739,0,0,0,0
1774518740,0,0,0,0
1774518741,0,0,0,0
1774518742,0,0,0,0
1774518743,0,0,0,0
1774518744,0,0,0,0
1774518745,0,0,0,0
1774518746,0,0,0,0
1774518747,0,0,0,0
1774518748,0,0,0,0
1774518749,0,0,0,0
1774518750,0,0,0,0
1774518751,0,0,0,0
1774518752,0,0,0,0
1774518753,0,0,0,0
1774518754,0,0,0,0
1774518755,0,0,0,0
1774518756,0,0,0,0
1774518757,0,0,0,0
1774518758,0,0,0,0
1774518759,0,0,0,0
1774518760,0,0,0,0
1774518761,0,0,0,0
1774518762,0,0,0,0
1774518763,0,0,0,0
1774518764,0,0,0,0
1774518765,0,0,0,0
1774518766,0,0,0,0
1774518767,0,0,0,0
1774518768,0,0,0,0
1774518769,0,0,0,0
1774518770,0,0,0,0
1774518771,0,0,0,0
1774518772,0,0,0,0
1774518773,0,0,0,0
1774518774,0,0,0,0
1774518775,0,0,0,0
1774518776,0,0,0,0
1774518777,0,0,0,0
1774518778,0,0,0,0
1774518779,0,0,0,0
1774518780,0,0,0,0
1774518781,0,0,0,0
1774518782,0,0,0,0
1774518783,0,0,0,0
1774518784,0,0,0,0
1774518785,0,0,0,0
1774518786,0,0,0,0
1774518787,0,0,0,0
1774518788,0,0,0,0
1774518789,0,0,0,0
1774518791,0,0,0,0
1774518792,0,0,0,0
1774518793,0,0,0,0
1774518794,0,0,0,0
1774518795,0,0,0,0
1774518796,0,0,0,0
1774518797,0,0,0,0
1774518798,0,0,0,0
1774518799,0,0,0,0
1774518800,0,0,0,0
1774518801,0,0,0,0
1774518802,0,0,0,0
1774518803,0,0,0,0
1774518804,0,0,0,0
1774518805,0,0,0,0
1774518806,0,0,0,0
1774518807,0,0,0,0
1774518808,0,0,0,0
1774518809,0,0,0,0
1774518810,0,0,0,0
1774518811,0,0,0,0
1774518812,0,0,0,0
1774518813,0,0,0,0
1774518814,0,0,0,0
1774518815,0,0,0,0
1774518816,0,0,0,0
1774518817,0,0,0,0
1774518818,0,0,0,0
1774518819,0,0,0,0
1774518820,0,0,0,0
1774518821,0,0,0,0
1774518822,0,0,0,0
1774518823,0,0,0,0
1774518824,0,0,0,0
1774518825,0,0,0,0
1774518826,0,0,0,0
1774518827,0,0,0,0
1774518828,0,0,0,0
1774518829,0,0,0,0
1774518830,0,0,0,0
1774518831,0,0,0,0
1774518832,0,0,0,0
1774518833,0,0,0,0
1774518834,0,0,0,0
1774518835,0,0,0,0
1774518836,0,0,0,0
1774518837,0,0,0,0
1774518838,0,0,0,0
1774518839,0,0,0,0
1774518840,0,0,0,0
1774518841,0,0,0,0
1774518842,0,0,0,0
1774518843,0,0,0,0
1774518845,0,0,0,0
1774518846,0,0,0,0
1774518847,0,0,0,0
1774518848,0,0,0,0
1774518849,0,0,0,0
1774518850,0,0,0,0
1774518851,0,0,0,0
1774518852,0,0,0,0
1774518853,0,0,0,0
1774518854,0,0,0,0
1774518855,0,0,0,0
1774518856,0,0,0,0
1774518857,0,0,0,0
1774518858,0,0,0,0
1774518859,0,0,0,0
1774518860,0,0,0,0
1774518861,0,0,0,0
1774518862,0,0,0,0
1774518863,0,0,0,0
1774518864,0,0,0,0
1774518865,0,0,0,0
1774518866,0,0,0,0
1774518867,0,0,0,0
1774518868,0,0,0,0
1774518869,0,0,0,0
1774518870,0,0,0,0
1774518871,0,0,0,0
1774518872,0,0,0,0
1774518873,0,0,0,0
1774518874,0,0,0,0
1774518875,0,0,0,0
1774518876,0,0,0,0
1774518877,0,0,0,0
1774518878,0,0,0,0
1774518879,0,0,0,0
1774518880,0,0,0,0
1774518881,0,0,0,0
1774518882,0,0,0,0
1774518883,0,0,0,0
1774518884,0,0,0,0
1774518885,0,0,0,0
1774518886,0,0,0,0
1774518887,0,0,0,0
1774518888,0,0,0,0
1774518889,0,0,0,0
1774518890,0,0,0,0
1774518891,0,0,0,0
1774518892,0,0,0,0
1774518894,0,0,0,0
1774518895,0,0,0,0
1774518896,0,0,0,0
1774518897,0,0,0,0
1774518898,0,0,0,0
1774518899,0,0,0,0
1774518900,0,0,0,0
1774518901,0,0,0,0
1774518902,0,0,0,0
1774518903,0,0,0,0
1774518904,0,0,0,0
1774518905,0,0,0,0
1774518906,0,0,0,0
1774518907,0,0,0,0
1774518908,0,0,0,0
1774518909,0,0,0,0
1774518910,0,0,0,0
1774518911,0,0,0,0
1774518912,0,0,0,0
1774518913,0,0,0,0
1774518914,0,0,0,0
1774518915,0,0,0,0
1774518916,0,0,0,0
1774518917,0,0,0,0
1774518918,0,0,0,0
1774518919,0,0,0,0
1774518920,0,0,0,0
1774518921,0,0,0,0
1774518922,0,0,0,0
1774518923,0,0,0,0
1774518924,0,0,0,0
1774518925,0,0,0,0
1774518926,0,0,0,0
1774518927,0,0,0,0
1774518928,0,0,0,0
1774518929,0,0,0,0
1774518930,0,0,0,0
1774518931,0,0,0,0
1774518932,0,0,0,0
1774518933,0,0,0,0
1774518934,0,0,0,0
1774518935,0,0,0,0
1774518936,0,0,0,0
1774518937,0,0,0,0
1774518938,0,0,0,0
1774518939,0,0,0,0
1774518940,0,0,0,0
1774518941,0,0,0,0
1774518942,0,0,0,0
1774518943,0,0,0,0
1774518944,0,0,0,0
1774518945,0,0,0,0
1774518946,0,0,0,0
1774518948,0,0,0,0
1774518949,0,0,0,0
1774518950,0,0,0,0
1774518951,0,0,0,0
1774518952,0,0,0,0
1774518953,0,0,0,0
1774518954,0,0,0,0
1774518955,0,0,0,0
1774518956,0,0,0,0
1774518957,0,0,0,0
1774518958,0,0,0,0
1774518959,0,0,0,0
1774518960,0,0,0,0
1774518961,0,0,0,0
1774518962,0,0,0,0
1774518963,0,0,0,0
1774518964,0,0,0,0
1774518965,0,0,0,0
1774518966,0,0,0,0
1774518967,0,0,0,0
1774518968,0,0,0,0
1774518969,0,0,0,0
1774518970,0,0,0,0
1774518971,0,0,0,0
1774518972,0,0,0,0
1774518973,0,0,0,0
1774518974,0,0,0,0
1774518975,0,0,0,0
1774518976,0,0,0,0
1774518977,0,0,0,0
1774518978,0,0,0,0
1774518979,0,0,0,0
1774518980,0,0,0,0
1774518981,0,0,0,0
1774518982,0,0,0,0
1774518983,0,0,0,0
1774518984,0,0,0,0
1774518985,0,0,0,0
1774518986,0,0,0,0
1774518987,0,0,0,0
1774518988,0,0,0,0
1774518989,0,0,0,0
1774518990,0,0,0,0
1774518991,0,0,0,0
1774518992,0,0,0,0
1774518993,0,0,0,0
1774518994,0,0,0,0
1774518995,0,0,0,0
1774518996,0,0,0,0
1774518997,0,0,0,0
1774518998,0,0,0,0
1774518999,0,0,0,0
1774519000,0,0,0,0
1774519002,0,0,0,0
1774519003,0,0,0,0
1774519004,0,0,0,0
1774519005,0,0,0,0
1774519006,0,0,0,0
1774519007,0,0,0,0
1774519008,0,0,0,0
1774519009,0,0,0,0
1774519010,0,0,0,0
1774519011,0,0,0,0
1774519012,0,0,0,0
1774519013,0,0,0,0
1774519014,0,0,0,0
1774519015,0,0,0,0
1774519016,0,0,0,0
1774519017,0,0,0,0
1774519018,0,0,0,0
1774519019,0,0,0,0
1774519020,0,0,0,0
1774519021,0,0,0,0
1774519022,0,0,0,0
1774519023,0,0,0,0
1774519024,0,0,0,0
1774519025,0,0,0,0
1774519026,0,0,0,0
1774519027,0,0,0,0
1774519028,0,0,0,0
1774519029,0,0,0,0
1774519030,0,0,0,0
1774519031,0,0,0,0
1774519032,0,0,0,0
1774519033,0,0,0,0
1774519034,0,0,0,0
1774519035,0,0,0,0
1774519036,0,0,0,0
1774519037,0,0,0,0
1774519038,0,0,0,0
1774519039,0,0,0,0
1774519040,0,0,0,0
1774519041,0,0,0,0
1774519042,0,0,0,0
1774519043,0,0,0,0
1774519044,0,0,0,0
1774519045,0,0,0,0
1774519046,0,0,0,0
1774519047,0,0,0,0
1774519048,0,0,0,0
1774519049,0,0,0,0
1774519050,0,0,0,0
1774519051,0,0,0,0
1774519052,0,0,0,0
1774519053,0,0,0,0
1774519054,0,0,0,0
1774519055,0,0,0,0
1774519057,0,0,0,0
1774519058,0,0,0,0
1774519059,0,0,0,0
1774519060,0,0,0,0
1774519061,0,0,0,0
1774519062,0,0,0,0
1774519063,0,0,0,0
1774519064,0,0,0,0
1774519065,0,0,0,0
1774519066,0,0,0,0
1774519067,0,0,0,0
1774519068,0,0,0,0
1774519069,0,0,0,0
1774519070,0,0,0,0
1774519071,0,0,0,0
1774519072,0,0,0,0
1774519073,0,0,0,0
1774519074,0,0,0,0
1774519075,0,0,0,0
1774519076,0,0,0,0
1774519077,0,0,0,0
1774519078,0,0,0,0
1774519079,0,0,0,0
1774519080,0,0,0,0
1774519081,0,0,0,0
1774519082,0,0,0,0
1774519083,0,0,0,0
1774519084,0,0,0,0
1774519085,0,0,0,0
1774519086,0,0,0,0
1774519087,0,0,0,0
1774519088,0,0,0,0
1774519089,0,0,0,0
1774519090,0,0,0,0
1774519091,0,0,0,0
1774519092,0,0,0,0
1774519093,0,0,0,0
1774519094,0,0,0,0
1774519095,0,0,0,0
1774519096,0,0,0,0
1774519097,0,0,0,0
1774519098,0,0,0,0
1774519099,0,0,0,0
1774519100,0,0,0,0
1774519101,0,0,0,0
1774519102,0,0,0,0
1774519103,0,0,0,0
1774519104,0,0,0,0
1774519105,0,0,0,0
1774519106,0,0,0,0
1774519107,0,0,0,0
1774519108,0,0,0,0
1774519110,0,0,0,0
1774519111,0,0,0,0
1774519112,0,0,0,0
1774519113,0,0,0,0
1774519114,0,0,0,0
1774519115,0,0,0,0
1774519116,0,0,0,0
1774519117,0,0,0,0
1774519118,0,0,0,0
1774519119,0,0,0,0
1774519120,0,0,0,0
1774519121,0,0,0,0
1774519122,0,0,0,0
1774519123,0,0,0,0
1774519124,0,0,0,0
1774519125,0,0,0,0
1774519126,0,0,0,0
1774519127,0,0,0,0
1774519128,0,0,0,0
1774519129,0,0,0,0
1774519130,0,0,0,0
1774519131,0,0,0,0
1774519132,0,0,0,0
1774519133,0,0,0,0
1774519134,0,0,0,0
1774519135,0,0,0,0
1774519136,0,0,0,0
1774519137,0,0,0,0
1774519138,0,0,0,0
1774519139,0,0,0,0
1774519140,0,0,0,0
1774519141,0,0,0,0
1774519142,0,0,0,0
1774519143,0,0,0,0
1774519144,0,0,0,0
1774519145,0,0,0,0
1774519146,0,0,0,0
1774519147,0,0,0,0
1774519148,0,0,0,0
1774519149,0,0,0,0
1774519150,0,0,0,0
1774519151,0,0,0,0
1774519152,0,0,0,0
1774519153,0,0,0,0
1774519154,0,0,0,0
1774519155,0,0,0,0
1774519156,0,0,0,0
1774519157,0,0,0,0
1774519158,0,0,0,0
1774519159,0,0,0,0
1774519160,0,0,0,0
1774519161,0,0,0,0
1774519162,0,0,0,0
1774519163,0,0,0,0
1774519164,0,0,0,0
1774519165,0,0,0,0
1774519167,0,0,0,0
1774519168,0,0,0,0
1774519169,0,0,0,0
1774519170,0,0,0,0
1774519171,0,0,0,0
1774519172,0,0,0,0
1774519173,0,0,0,0
1774519174,0,0,0,0
1774519175,0,0,0,0
1774519176,0,0,0,0
1774519177,0,0,0,0
1774519178,0,0,0,0
1774519179,0,0,0,0
1774519180,0,0,0,0
1774519181,0,0,0,0
1774519182,0,0,0,0
1774519183,0,0,0,0
1774519184,0,0,0,0
1774519185,0,0,0,0
1774519186,0,0,0,0
1774519187,0,0,0,0
1774519188,0,0,0,0
1774519189,0,0,0,0
1774519190,0,0,0,0
1774519191,0,0,0,0
1774519192,0,0,0,0
1774519193,0,0,0,0
1774519194,0,0,0,0
1774519195,0,0,0,0
1774519196,0,0,0,0
1774519197,0,0,0,0
1774519198,0,0,0,0
1774519199,0,0,0,0
1774519200,0,0,0,0
1774519201,0,0,0,0
1774519202,0,0,0,0
1774519203,0,0,0,0
1774519204,0,0,0,0
1774519205,0,0,0,0
1774519206,0,0,0,0
1774519207,0,0,0,0
1774519208,0,0,0,0
1774519209,0,0,0,0
1774519210,0,0,0,0
1774519211,0,0,0,0
1774519212,0,0,0,0
1774519213,0,0,0,0
1774519214,0,0,0,0
1774519215,0,0,0,0
1774519216,0,0,0,0
1774519217,0,0,0,0
1774519218,0,0,0,0
1774519219,0,0,0,0
1774519220,0,0,0,0
1774519222,0,0,0,0
1774519223,0,0,0,0
1774519224,0,0,0,0
1774519225,0,0,0,0
1774519226,0,0,0,0
1774519227,0,0,0,0
1774519228,0,0,0,0
1774519229,0,0,0,0
1774519230,0,0,0,0
1774519231,0,0,0,0
1774519232,0,0,0,0
1774519233,0,0,0,0
1774519234,0,0,0,0
1774519235,0,0,0,0
1774519236,0,0,0,0
1774519237,0,0,0,0
1774519238,0,0,0,0
1774519239,0,0,0,0
1774519240,0,0,0,0
1774519241,0,0,0,0
1774519242,0,0,0,0
1774519243,0,0,0,0
1774519244,0,0,0,0
1774519245,0,0,0,0
1774519246,0,0,0,0
1774519247,0,0,0,0
1774519248,0,0,0,0
1774519249,0,0,0,0
1774519250,0,0,0,0
1774519251,0,0,0,0
1774519252,0,0,0,0
1774519253,0,0,0,0
1774519254,0,0,0,0
1774519255,0,0,0,0
1774519256,0,0,0,0
1774519257,0,0,0,0
1774519258,0,0,0,0
1774519259,0,0,0,0
1774519260,0,0,0,0
1774519261,0,0,0,0
1774519262,0,0,0,0
1774519263,0,0,0,0
1774519264,0,0,0,0
1774519265,0,0,0,0
1774519266,0,0,0,0
1774519267,0,0,0,0
1774519268,0,0,0,0
1774519269,0,0,0,0
1774519270,0,0,0,0
1774519271,0,0,0,0
1774519272,0,0,0,0
1774519273,0,0,0,0
1774519274,0,0,0,0
1774519275,0,0,0,0
1774519277,0,0,0,0
1774519278,0,0,0,0
1774519279,0,0,0,0
1774519280,0,0,0,0
1774519281,0,0,0,0
1774519282,0,0,0,0
1774519283,0,0,0,0
1774519284,0,0,0,0
1774519285,0,0,0,0
1774519286,0,0,0,0
1774519287,0,0,0,0
1774519288,0,0,0,0
1774519289,0,0,0,0
1774519290,0,0,0,0
1774519291,0,0,0,0
1774519292,0,0,0,0
1774519293,0,0,0,0
1774519294,0,0,0,0
1774519295,0,0,0,0
1774519296,0,0,0,0
1774519297,0,0,0,0
1774519298,0,0,0,0
1774519299,0,0,0,0
1774519300,0,0,0,0
1774519301,0,0,0,0
1774519302,0,0,0,0
1774519303,0,0,0,0
1774519304,0,0,0,0
1774519305,0,0,0,0
1774519306,0,0,0,0
1774519307,0,0,0,0
1774519308,0,0,0,0
1774519309,0,0,0,0
1774519310,0,0,0,0
1774519311,0,0,0,0
1774519312,0,0,0,0
1774519313,0,0,0,0
1774519314,0,0,0,0
1774519315,0,0,0,0
1774519316,0,0,0,0
1774519317,0,0,0,0
1774519318,0,0,0,0
1774519319,0,0,0,0
1774519320,0,0,0,0
1774519321,0,0,0,0
1774519322,0,0,0,0
1774519323,0,0,0,0
1774519324,0,0,0,0
1774519325,0,0,0,0
1774519326,0,0,0,0
1774519327,0,0,0,0
1774519328,0,0,0,0
1774519329,0,0,0,0
1774519330,0,0,0,0
1774519331,0,0,0,0
1774519332,0,0,0,0
1774519334,0,0,0,0
1774519335,0,0,0,0
1774519336,0,0,0,0
1774519337,0,0,0,0
1774519338,0,0,0,0
1774519339,0,0,0,0
1774519340,0,0,0,0
1774519341,0,0,0,0
1774519342,0,0,0,0
1774519343,0,0,0,0
1774519344,0,0,0,0
1774519345,0,0,0,0
1774519346,0,0,0,0
1774519347,0,0,0,0
1774519348,0,0,0,0
1774519349,0,0,0,0
1774519350,0,0,0,0
1774519351,0,0,0,0
1774519352,0,0,0,0
1774519353,0,0,0,0
1774519354,0,0,0,0
1774519355,0,0,0,0
1774519356,0,0,0,0
1774519357,0,0,0,0
1774519358,0,0,0,0
1774519359,0,0,0,0
1774519360,0,0,0,0
1774519361,0,0,0,0
1774519362,0,0,0,0
1774519363,0,0,0,0
1774519364,0,0,0,0
1774519365,0,0,0,0
1774519366,0,0,0,0
1774519367,0,0,0,0
1774519368,0,0,0,0
1774519369,0,0,0,0
1774519370,0,0,0,0
1774519371,0,0,0,0
1774519372,0,0,0,0
1774519373,0,0,0,0
1774519374,0,0,0,0
1774519375,0,0,0,0
1774519376,0,0,0,0
1774519377,0,0,0,0
1774519378,0,0,0,0
1774519379,0,0,0,0
1774519380,0,0,0,0
1774519381,0,0,0,0
1774519382,0,0,0,0
1774519383,0,0,0,0
1774519384,0,0,0,0
1774519385,0,0,0,0
1774519386,0,0,0,0
1774519388,0,0,0,0
1774519389,0,0,0,0
1774519390,0,0,0,0
1774519391,0,0,0,0
1774519392,0,0,0,0
1774519393,0,0,0,0
1774519394,0,0,0,0
1774519395,0,0,0,0
1774519396,0,0,0,0
1774519397,0,0,0,0
1774519398,0,0,0,0
1774519399,0,0,0,0
1774519400,0,0,0,0
1774519401,0,0,0,0
1774519402,0,0,0,0
1774519403,0,0,0,0
1774519404,0,0,0,0
1774519405,0,0,0,0
1774519406,0,0,0,0
1774519407,0,0,0,0
1774519408,0,0,0,0
1774519409,0,0,0,0
1774519410,0,0,0,0
1774519411,0,0,0,0
1774519412,0,0,0,0
1774519413,0,0,0,0
1774519414,0,0,0,0
1774519415,0,0,0,0
1774519416,0,0,0,0
1774519417,0,0,0,0
1774519418,0,0,0,0
1774519419,0,0,0,0
1774519420,0,0,0,0
1774519421,0,0,0,0
1774519422,0,0,0,0
1774519423,0,0,0,0
1774519424,0,0,0,0
1774519425,0,0,0,0
1774519426,0,0,0,0
1774519427,0,0,0,0
1774519428,0,0,0,0
1774519429,0,0,0,0
1774519430,0,0,0,0
1774519431,0,0,0,0
1774519432,0,0,0,0
1774519433,0,0,0,0
1774519434,0,0,0,0
1774519435,0,0,0,0
1774519436,0,0,0,0
1774519437,0,0,0,0
1774519438,0,0,0,0
1774519439,0,0,0,0
1774519440,0,0,0,0
1774519441,0,0,0,0
1774519442,0,0,0,0
1774519444,0,0,0,0
1774519445,0,0,0,0
1774519446,0,0,0,0
1774519447,0,0,0,0
1774519448,0,0,0,0
1774519449,0,0,0,0
1774519450,0,0,0,0
1774519451,0,0,0,0
1774519452,0,0,0,0
1774519453,0,0,0,0
1774519454,0,0,0,0
1774519455,0,0,0,0
1774519456,0,0,0,0
1774519457,0,0,0,0
1774519458,0,0,0,0
1774519459,0,0,0,0
1774519460,0,0,0,0
1774519461,0,0,0,0
1774519462,0,0,0,0
1774519463,0,0,0,0
1774519464,0,0,0,0
1774519465,0,0,0,0
1774519466,0,0,0,0
1774519467,0,0,0,0
1774519468,0,0,0,0
1774519469,0,0,0,0
1774519470,0,0,0,0
1774519471,0,0,0,0
1774519472,0,0,0,0
1774519473,0,0,0,0
1774519474,0,0,0,0
1774519475,0,0,0,0
1774519476,0,0,0,0
1774519477,0,0,0,0
1774519478,0,0,0,0
1774519479,0,0,0,0
1774519480,0,0,0,0
1774519481,0,0,0,0
1774519482,0,0,0,0
1774519483,0,0,0,0
1774519484,0,0,0,0
1774519485,0,0,0,0
1774519486,0,0,0,0
1774519487,0,0,0,0
1774519488,0,0,0,0
1774519489,0,0,0,0
1774519490,0,0,0,0
1774519491,0,0,0,0
1774519492,0,0,0,0
1774519493,0,0,0,0
1774519494,0,0,0,0
1774519495,0,0,0,0
1774519496,0,0,0,0
1774519497,0,0,0,0
1774519498,0,0,0,0
1774519500,0,0,0,0
1774519501,0,0,0,0
1774519502,0,0,0,0
1774519503,0,0,0,0
1774519504,0,0,0,0
1774519505,0,0,0,0
1774519506,0,0,0,0
1774519507,0,0,0,0
1774519508,0,0,0,0
1774519509,0,0,0,0
1774519510,0,0,0,0
1774519511,0,0,0,0
1774519512,0,0,0,0
1774519513,0,0,0,0
1774519514,0,0,0,0
1774519515,0,0,0,0
1774519516,0,0,0,0
1774519517,0,0,0,0
1774519518,0,0,0,0
1774519519,0,0,0,0
1774519520,0,0,0,0
1774519521,0,0,0,0
1774519522,0,0,0,0
1774519523,0,0,0,0
1774519524,0,0,0,0
1774519525,0,0,0,0
1774519526,0,0,0,0
1774519527,0,0,0,0
1774519528,0,0,0,0
1774519529,0,0,0,0
1774519530,0,0,0,0
1774519531,0,0,0,0
1774519532,0,0,0,0
1774519533,0,0,0,0
1774519534,0,0,0,0
1774519535,0,0,0,0
1774519536,0,0,0,0
1774519537,0,0,0,0
1774519538,0,0,0,0
1774519539,0,0,0,0
1774519540,0,0,0,0
1774519541,0,0,0,0
1774519542,0,0,0,0
1774519543,0,0,0,0
1774519544,0,0,0,0
1774519545,0,0,0,0
1774519546,0,0,0,0
1774519547,0,0,0,0
1774519548,0,0,0,0
1774519549,0,0,0,0
1774519550,0,0,0,0
1774519551,0,0,0,0
1774519553,0,0,0,0
1774519554,0,0,0,0
1774519555,0,0,0,0
1774519556,0,0,0,0
1774519557,0,0,0,0
1774519558,0,0,0,0
1774519559,0,0,0,0
1774519560,0,0,0,0
1774519561,0,0,0,0
1774519562,0,0,0,0
1774519563,0,0,0,0
1774519564,0,0,0,0
1774519565,0,0,0,0
1774519566,0,0,0,0
1774519567,0,0,0,0
1774519568,0,0,0,0
1774519569,0,0,0,0
1774519570,0,0,0,0
1774519571,0,0,0,0
1774519572,0,0,0,0
1774519573,0,0,0,0
1774519574,0,0,0,0
1774519575,0,0,0,0
1774519576,0,0,0,0
1774519577,0,0,0,0
1774519578,0,0,0,0
1774519579,0,0,0,0
1774519580,0,0,0,0
1774519581,0,0,0,0
1774519582,0,0,0,0
1774519583,0,0,0,0
1774519584,0,0,0,0
1774519585,0,0,0,0
1774519586,0,0,0,0
1774519587,0,0,0,0
1774519588,0,0,0,0
1774519589,0,0,0,0
1774519590,0,0,0,0
1774519591,0,0,0,0
1774519592,0,0,0,0
1774519593,0,0,0,0
1774519594,0,0,0,0
1774519595,0,0,0,0
1774519596,0,0,0,0
1774519597,0,0,0,0
1774519598,0,0,0,0
1774519600,0,0,0,0
1774519601,0,0,0,0
1774519602,0,0,0,0
1774519603,0,0,0,0
1774519604,0,0,0,0
1774519605,0,0,0,0
1774519606,0,0,0,0
1774519607,0,0,0,0
1774519608,0,0,0,0
1774519609,0,0,0,0
1774519610,0,0,0,0
1774519611,0,0,0,0
1774519612,0,0,0,0
1774519613,0,0,0,0
1774519614,0,0,0,0
1774519615,0,0,0,0
1774519616,0,0,0,0
1774519617,0,0,0,0
1774519618,0,0,0,0
1774519619,0,0,0,0
1774519620,0,0,0,0
1774519621,0,0,0,0
1774519622,0,0,0,0
1774519623,0,0,0,0
1774519624,0,0,0,0
1774519625,0,0,0,0
1774519626,0,0,0,0
1774519627,0,0,0,0
1774519628,0,0,0,0
1774519629,0,0,0,0
1774519630,0,0,0,0
1774519631,0,0,0,0
1774519632,0,0,0,0
1774519633,0,0,0,0
1774519634,0,0,0,0
1774519635,0,0,0,0
1774519636,0,0,0,0
1774519637,0,0,0,0
1774519638,0,0,0,0
1774519639,0,0,0,0
1774519640,0,0,0,0
1774519641,0,0,0,0
1774519642,0,0,0,0
1774519643,0,0,0,0
1774519644,0,0,0,0
1774519645,0,0,0,0
1774519647,0,0,0,0
1774519648,0,0,0,0
1774519649,0,0,0,0
1774519650,0,0,0,0
1774519651,0,0,0,0
1774519652,0,0,0,0
1774519653,0,0,0,0
1774519654,0,0,0,0
1774519655,0,0,0,0
1774519656,0,0,0,0
1774519657,0,0,0,0
1774519658,0,0,0,0
1774519659,0,0,0,0
1774519660,0,0,0,0
1774519661,0,0,0,0
1774519662,0,0,0,0
1774519663,0,0,0,0
1774519664,0,0,0,0
1774519665,0,0,0,0
1774519666,0,0,0,0
1774519667,0,0,0,0
1774519668,0,0,0,0
1774519669,0,0,0,0
1774519670,0,0,0,0
1774519671,0,0,0,0
1774519672,0,0,0,0
1774519673,0,0,0,0
1774519674,0,0,0,0
1774519675,0,0,0,0
1774519676,0,0,0,0
1774519677,0,0,0,0
1774519678,0,0,0,0
1774519679,0,0,0,0
1774519680,0,0,0,0
1774519681,0,0,0,0
1774519682,0,0,0,0
1774519683,0,0,0,0
1774519684,0,0,0,0
1774519685,0,0,0,0
1774519686,0,0,0,0
1774519687,0,0,0,0
1774519688,0,0,0,0
1774519689,0,0,0,0
1774519690,0,0,0,0
1774519691,0,0,0,0
1774519692,0,0,0,0
1774519694,0,0,0,0
1774519695,0,0,0,0
1774519696,0,0,0,0
1774519697,0,0,0,0
1774519698,0,0,0,0
1774519699,0,0,0,0
1774519700,0,0,0,0
1774519701,0,0,0,0
1774519702,0,0,0,0
1774519703,0,0,0,0
1774519704,0,0,0,0
1774519705,0,0,0,0
1774519706,0,0,0,0
1774519707,0,0,0,0
1774519708,0,0,0,0
1774519709,0,0,0,0
1774519710,0,0,0,0
1774519711,0,0,0,0
1774519712,0,0,0,0
1774519713,0,0,0,0
1774519714,0,0,0,0
1774519715,0,0,0,0
1774519716,0,0,0,0
1774519717,0,0,0,0
1774519718,0,0,0,0
1774519719,0,0,0,0
1774519720,0,0,0,0
1774519721,0,0,0,0
1774519722,0,0,0,0
1774519723,0,0,0,0
1774519724,0,0,0,0
1774519725,0,0,0,0
1774519726,0,0,0,0
1774519727,0,0,0,0
1774519728,0,0,0,0
1774519729,0,0,0,0
1774519730,0,0,0,0
1774519731,0,0,0,0
1774519732,0,0,0,0
1774519733,0,0,0,0
1774519734,0,0,0,0
1774519735,0,0,0,0
1774519736,0,0,0,0
1774519737,0,0,0,0
1774519738,0,0,0,0
1774519739,0,0,0,0
1774519740,0,0,0,0
1774519741,0,0,0,0
1774519742,0,0,0,0
1774519743,0,0,0,0
1774519744,0,0,0,0
1774519745,0,0,0,0
1774519746,0,0,0,0
1774519747,0,0,0,0
1774519748,0,0,0,0
1774519749,0,0,0,0
1774519750,0,0,0,0
1774519751,0,0,0,0
1774519753,0,0,0,0
1774519754,0,0,0,0
1774519755,0,0,0,0
1774519756,0,0,0,0
1774519757,0,0,0,0
1774519758,0,0,0,0
1774519759,0,0,0,0
1774519760,0,0,0,0
1774519761,0,0,0,0
1774519762,0,0,0,0
1774519763,0,0,0,0
1774519764,0,0,0,0
1774519765,0,0,0,0
1774519766,0,0,0,0
1774519767,0,0,0,0
1774519768,0,0,0,0
1774519769,0,0,0,0
1774519770,0,0,0,0
1774519771,0,0,0,0
1774519772,0,0,0,0
1774519773,0,0,0,0
1774519774,0,0,0,0
1774519775,0,0,0,0
1774519776,0,0,0,0
1774519777,0,0,0,0
1774519778,0,0,0,0
1774519779,0,0,0,0
1774519780,0,0,0,0
1774519781,0,0,0,0
1774519782,0,0,0,0
1774519783,0,0,0,0
1774519784,0,0,0,0
1774519785,0,0,0,0
1774519786,0,0,0,0
1774519787,0,0,0,0
1774519788,0,0,0,0
1774519789,0,0,0,0
1774519790,0,0,0,0
1774519791,0,0,0,0
1774519792,0,0,0,0
1774519793,0,0,0,0
1774519794,0,0,0,0
1774519795,0,0,0,0
1774519796,0,0,0,0
1774519797,0,0,0,0
1774519798,0,0,0,0
1774519799,0,0,0,0
1774519800,0,0,0,0
1774519801,0,0,0,0
1774519802,0,0,0,0
1774519804,0,0,0,0
1774519805,0,0,0,0
1774519806,0,0,0,0
1774519807,0,0,0,0
1774519808,0,0,0,0
1774519809,0,0,0,0
1774519810,0,0,0,0
1774519811,0,0,0,0
1774519812,0,0,0,0
1774519813,0,0,0,0
1774519814,0,0,0,0
1774519815,0,0,0,0
1774519816,0,0,0,0
1774519817,0,0,0,0
1774519818,0,0,0,0
1774519819,0,0,0,0
1774519820,0,0,0,0
1774519821,0,0,0,0
1774519822,0,0,0,0
1774519823,0,0,0,0
1774519824,0,0,0,0
1774519825,0,0,0,0
1774519826,0,0,0,0
1774519827,0,0,0,0
1774519828,0,0,0,0
1774519829,0,0,0,0
1774519830,0,0,0,0
1774519831,0,0,0,0
1774519832,0,0,0,0
1774519833,0,0,0,0
1774519834,0,0,0,0
1774519835,0,0,0,0
1774519836,0,0,0,0
1774519837,0,0,0,0
1774519838,0,0,0,0
1774519839,0,0,0,0
1774519840,0,0,0,0
1774519841,0,0,0,0
1774519842,0,0,0,0
1774519843,0,0,0,0
1774519844,0,0,0,0
1774519845,0,0,0,0
1774519846,0,0,0,0
1774519847,0,0,0,0
1774519848,0,0,0,0
1774519849,0,0,0,0
1774519850,0,0,0,0
1774519851,0,0,0,0
1774519852,0,0,0,0
1774519853,0,0,0,0
1774519855,0,0,0,0
1774519856,0,0,0,0
1774519857,0,0,0,0
1774519858,0,0,0,0
1774519859,0,0,0,0
1774519860,0,0,0,0
1774519861,0,0,0,0
1774519862,0,0,0,0
1774519863,0,0,0,0
1774519864,0,0,0,0
1774519865,0,0,0,0
1774519866,0,0,0,0
1774519867,0,0,0,0
1774519868,0,0,0,0
1774519869,0,0,0,0
1774519870,0,0,0,0
1774519871,0,0,0,0
1774519872,0,0,0,0
1774519873,0,0,0,0
1774519874,0,0,0,0
1774519875,0,0,0,0
1774519876,0,0,0,0
1774519877,0,0,0,0
1774519878,0,0,0,0
1774519879,0,0,0,0
1774519880,0,0,0,0
1774519881,0,0,0,0
1774519882,0,0,0,0
1774519883,0,0,0,0
1774519884,0,0,0,0
1774519885,0,0,0,0
1774519886,0,0,0,0
1774519887,0,0,0,0
1774519888,0,0,0,0
1774519889,0,0,0,0
1774519890,0,0,0,0
1774519891,0,0,0,0
1774519892,0,0,0,0
1774519893,0,0,0,0
1774519894,0,0,0,0
1774519895,0,0,0,0
1774519896,0,0,0,0
1774519897,0,0,0,0
1774519898,0,0,0,0
1774519899,0,0,0,0
1774519900,0,0,0,0
1774519901,0,0,0,0
1774519902,0,0,0,0
1774519903,0,0,0,0
1774519904,0,0,0,0
1774519905,0,0,0,0
1774519906,0,0,0,0
1774519907,0,0,0,0
1774519909,0,0,0,0
1774519910,0,0,0,0
1774519911,0,0,0,0
1774519912,0,0,0,0
1774519913,0,0,0,0
1774519914,0,0,0,0
1774519915,0,0,0,0
1774519916,0,0,0,0
1774519917,0,0,0,0
1774519918,0,0,0,0
1774519919,0,0,0,0
1774519920,0,0,0,0
1774519921,0,0,0,0
1774519922,0,0,0,0
1774519923,0,0,0,0
1774519924,0,0,0,0
1774519925,0,0,0,0
1774519926,0,0,0,0
1774519927,0,0,0,0
1774519928,0,0,0,0
1774519929,0,0,0,0
1774519930,0,0,0,0
1774519931,0,0,0,0
1774519932,0,0,0,0
1774519933,0,0,0,0
1774519934,0,0,0,0
1774519935,0,0,0,0
1774519936,0,0,0,0
1774519937,0,0,0,0
1774519938,0,0,0,0
1774519939,0,0,0,0
1774519940,0,0,0,0
1774519941,0,0,0,0
1774519942,0,0,0,0
1774519943,0,0,0,0
1774519944,0,0,0,0
1774519945,0,0,0,0
1774519946,0,0,0,0
1774519947,0,0,0,0
1774519948,0,0,0,0
1774519949,0,0,0,0
1774519950,0,0,0,0
1774519951,0,0,0,0
1774519952,0,0,0,0
1774519953,0,0,0,0
1774519954,0,0,0,0
1774519955,0,0,0,0
1774519956,0,0,0,0
1774519957,0,0,0,0
1774519958,0,0,0,0
1774519959,0,0,0,0
1774519961,0,0,0,0
1774519962,0,0,0,0
1774519963,0,0,0,0
1774519964,0,0,0,0
1774519965,0,0,0,0
1774519966,0,0,0,0
1774519967,0,0,0,0
1774519968,0,0,0,0
1774519969,0,0,0,0
1774519970,0,0,0,0
1774519971,0,0,0,0
1774519972,0,0,0,0
1774519973,0,0,0,0
1774519974,0,0,0,0
1774519975,0,0,0,0
1774519976,0,0,0,0
1774519977,0,0,0,0
1774519978,0,0,0,0
1774519979,0,0,0,0
1774519980,0,0,0,0
1774519981,0,0,0,0
1774519982,0,0,0,0
1774519983,0,0,0,0
1774519984,0,0,0,0
1774519985,0,0,0,0
1774519986,0,0,0,0
1774519987,0,0,0,0
1774519988,0,0,0,0
1774519989,0,0,0,0
1774519990,0,0,0,0
1774519991,0,0,0,0
1774519992,0,0,0,0
1774519993,0,0,0,0
1774519994,0,0,0,0
1774519995,0,0,0,0
1774519996,0,0,0,0
1774519997,0,0,0,0
1774519998,0,0,0,0
1774519999,0,0,0,0
1774520000,0,0,0,0
1774520001,0,0,0,0
1774520002,0,0,0,0
1774520003,0,0,0,0
1774520004,0,0,0,0
1774520005,0,0,0,0
1774520006,0,0,0,0
1774520007,0,0,0,0
1774520008,0,0,0,0
1774520009,0,0,0,0
1774520010,0,0,0,0
1774520011,0,0,0,0
1774520012,0,0,0,0
1774520014,0,0,0,0
1774520015,0,0,0,0
1774520016,0,0,0,0
1774520017,0,0,0,0
1774520018,0,0,0,0
1774520019,0,0,0,0
1774520020,0,0,0,0
1774520021,0,0,0,0
1774520022,0,0,0,0
1774520023,0,0,0,0
1774520024,0,0,0,0
1774520025,0,0,0,0
1774520026,0,0,0,0
1774520027,0,0,0,0
1774520028,0,0,0,0
1774520029,0,0,0,0
1774520030,0,0,0,0
1774520031,0,0,0,0
1774520032,0,0,0,0
1774520033,0,0,0,0
1774520034,0,0,0,0
1774520035,0,0,0,0
1774520036,0,0,0,0
1774520037,0,0,0,0
1774520038,0,0,0,0
1774520039,0,0,0,0
1774520040,0,0,0,0
1774520041,0,0,0,0
1774520042,0,0,0,0
1774520043,0,0,0,0
1774520044,0,0,0,0
1774520045,0,0,0,0
1774520046,0,0,0,0
1774520047,0,0,0,0
1774520048,0,0,0,0
1774520049,0,0,0,0
1774520050,0,0,0,0
1774520051,0,0,0,0
1774520052,0,0,0,0
1774520053,0,0,0,0
1774520054,0,0,0,0
1774520055,0,0,0,0
1774520056,0,0,0,0
1774520057,0,0,0,0
1774520058,0,0,0,0
1774520059,0,0,0,0
1774520060,0,0,0,0
1774520061,0,0,0,0
1774520063,0,0,0,0
1774520064,0,0,0,0
1774520065,0,0,0,0
1774520066,0,0,0,0
1774520067,0,0,0,0
1774520068,0,0,0,0
1774520069,0,0,0,0
1774520070,0,0,0,0
1774520071,0,0,0,0
1774520072,0,0,0,0
1774520073,0,0,0,0
1774520074,0,0,0,0
1774520075,0,0,0,0
1774520076,0,0,0,0
1774520077,0,0,0,0
1774520078,0,0,0,0
1774520079,0,0,0,0
1774520080,0,0,0,0
1774520081,0,0,0,0
1774520082,0,0,0,0
1774520083,0,0,0,0
1774520084,0,0,0,0
1774520085,0,0,0,0
1774520086,0,0,0,0
1774520087,0,0,0,0
1774520088,0,0,0,0
1774520089,0,0,0,0
1774520090,0,0,0,0
1774520091,0,0,0,0
1774520092,0,0,0,0
1774520093,0,0,0,0
1774520094,0,0,0,0
1774520095,0,0,0,0
1774520096,0,0,0,0
1774520097,0,0,0,0
1774520098,0,0,0,0
1774520099,0,0,0,0
1774520100,0,0,0,0
1774520101,0,0,0,0
1774520102,0,0,0,0
1774520103,0,0,0,0
1774520104,0,0,0,0
1774520105,0,0,0,0
1774520106,0,0,0,0
1774520107,0,0,0,0
1774520108,0,0,0,0
1774520109,0,0,0,0
1774520110,0,0,0,0
1774520111,0,0,0,0
1774520112,0,0,0,0
1774520113,0,0,0,0
1774520114,0,0,0,0
1774520115,0,0,0,0
1774520116,0,0,0,0
1774520117,0,0,0,0
1774520118,0,0,0,0
1774520119,0,0,0,0
1774520120,0,0,0,0
1774520121,0,0,0,0
1774520122,0,0,0,0
1774520123,0,0,0,0
1774520124,0,0,0,0
1774520126,0,0,0,0
1774520127,0,0,0,0
1774520128,0,0,0,0
1774520129,0,0,0,0
1774520130,0,0,0,0
1774520131,0,0,0,0
1774520132,0,0,0,0
1774520133,0,0,0,0
1774520134,0,0,0,0
1774520135,0,0,0,0
1774520136,0,0,0,0
1774520137,0,0,0,0
1774520138,0,0,0,0
1774520139,0,0,0,0
1774520140,0,0,0,0
1774520141,0,0,0,0
1774520142,0,0,0,0
1774520143,0,0,0,0
1774520144,0,0,0,0
1774520145,0,0,0,0
1774520146,0,0,0,0
1774520147,0,0,0,0
1774520148,0,0,0,0
1774520149,0,0,0,0
1774520150,0,0,0,0
1774520151,0,0,0,0
1774520152,0,0,0,0
1774520153,0,0,0,0
1774520154,0,0,0,0
1774520155,0,0,0,0
1774520156,0,0,0,0
1774520157,0,0,0,0
1774520158,0,0,0,0
1774520159,0,0,0,0
1774520160,0,0,0,0
1774520161,0,0,0,0
1774520162,0,0,0,0
1774520163,0,0,0,0
1774520164,0,0,0,0
1774520165,0,0,0,0
1774520166,0,0,0,0
1774520167,0,0,0,0
1774520168,0,0,0,0
1774520169,0,0,0,0
1774520170,0,0,0,0
1774520171,0,0,0,0
1774520172,0,0,0,0
1774520173,0,0,0,0
1774520174,0,0,0,0
1774520175,0,0,0,0
1774520176,0,0,0,0
1774520177,0,0,0,0
1774520178,0,0,0,0
1774520179,0,0,0,0
1774520180,0,0,0,0
1774520181,0,0,0,0
1774520182,0,0,0,0
1774520183,0,0,0,0
1774520184,0,0,0,0
1774520185,0,0,0,0
1774520186,0,0,0,0
1774520187,0,0,0,0
1774520188,0,0,0,0
1774520189,0,0,0,0
1774520190,0,0,0,0
1774520191,0,0,0,0
1774520192,0,0,0,0
1774520193,0,0,0,0
1774520194,0,0,0,0
1774520196,0,0,0,0
1774520197,0,0,0,0
1774520198,0,0,0,0
1774520199,0,0,0,0
1774520200,0,0,0,0
1774520201,0,0,0,0
1774520202,0,0,0,0
1774520203,0,0,0,0
1774520204,0,0,0,0
1774520205,0,0,0,0
1774520206,0,0,0,0
1774520207,0,0,0,0
1774520208,0,0,0,0
1774520209,0,0,0,0
1774520210,0,0,0,0
1774520211,0,0,0,0
1774520212,0,0,0,0
1774520213,0,0,0,0
1774520214,0,0,0,0
1774520215,0,0,0,0
1774520216,0,0,0,0
1774520217,0,0,0,0
1774520218,0,0,0,0
1774520219,0,0,0,0
1774520220,0,0,0,0
1774520221,0,0,0,0
1774520222,0,0,0,0
1774520223,0,0,0,0
1774520224,0,0,0,0
1774520225,0,0,0,0
1774520226,0,0,0,0
1774520227,0,0,0,0
1774520228,0,0,0,0
1774520229,0,0,0,0
1774520230,0,0,0,0
1774520231,0,0,0,0
1774520232,0,0,0,0
1774520233,0,0,0,0
1774520234,0,0,0,0
1774520235,0,0,0,0
1774520236,0,0,0,0
1774520237,0,0,0,0
1774520238,0,0,0,0
1774520239,0,0,0,0
1774520240,0,0,0,0
1774520241,0,0,0,0
1774520242,0,0,0,0
1774520243,0,0,0,0
1774520244,0,0,0,0
1774520245,0,0,0,0
1774520246,0,0,0,0
1774520247,0,0,0,0
1774520248,0,0,0,0
1774520249,0,0,0,0
1774520250,0,0,0,0
1774520251,0,0,0,0
1774520252,0,0,0,0
1774520253,0,0,0,0
1774520254,0,0,0,0
1774520255,0,0,0,0
1774520256,0,0,0,0
1774520257,0,0,0,0
1774520258,0,0,0,0
1774520260,0,0,0,0
1774520261,0,0,0,0
1774520262,0,0,0,0
1774520263,0,0,0,0
1774520264,0,0,0,0
1774520265,0,0,0,0
1774520266,0,0,0,0
1774520267,0,0,0,0
1774520268,0,0,0,0
1774520269,0,0,0,0
1774520270,0,0,0,0
1774520271,0,0,0,0
1774520272,0,0,0,0
1774520273,0,0,0,0
1774520274,0,0,0,0
1774520275,0,0,0,0
1774520276,0,0,0,0
1774520277,0,0,0,0
1774520278,0,0,0,0
1774520279,0,0,0,0
1774520280,0,0,0,0
1774520281,0,0,0,0
1774520282,0,0,0,0
1774520283,0,0,0,0
1774520284,0,0,0,0
1774520285,0,0,0,0
1774520286,0,0,0,0
1774520287,0,0,0,0
1774520288,0,0,0,0
1774520289,0,0,0,0
1774520290,0,0,0,0
1774520291,0,0,0,0
1774520292,0,0,0,0
1774520293,0,0,0,0
1774520294,0,0,0,0
1774520295,0,0,0,0
1774520296,0,0,0,0
1774520297,0,0,0,0
1774520298,0,0,0,0
1774520299,0,0,0,0
1774520300,0,0,0,0
1774520301,0,0,0,0
1774520302,0,0,0,0
1774520303,0,0,0,0
1774520304,0,0,0,0
1774520305,0,0,0,0
1774520306,0,0,0,0
1774520307,0,0,0,0
1774520308,0,0,0,0
1774520309,0,0,0,0
1774520310,0,0,0,0
1774520311,0,0,0,0
1774520312,0,0,0,0
1774520313,0,0,0,0
1774520314,0,0,0,0
1774520315,0,0,0,0
1774520316,0,0,0,0
1774520317,0,0,0,0
1774520319,0,0,0,0
1774520320,0,0,0,0
1774520321,0,0,0,0
1774520322,0,0,0,0
1774520323,0,0,0,0
1774520324,0,0,0,0
1774520325,0,0,0,0
1774520326,0,0,0,0
1774520327,0,0,0,0
1774520328,0,0,0,0
1774520329,0,0,0,0
1774520330,0,0,0,0
1774520331,0,0,0,0
1774520332,0,0,0,0
1774520333,0,0,0,0
1774520334,0,0,0,0
1774520335,0,0,0,0
1774520336,0,0,0,0
1774520337,0,0,0,0
1774520338,0,0,0,0
1774520339,0,0,0,0
1774520340,0,0,0,0
1774520341,0,0,0,0
1774520342,0,0,0,0
1774520343,0,0,0,0
1774520344,0,0,0,0
1774520345,0,0,0,0
1774520346,0,0,0,0
1774520347,0,0,0,0
1774520348,0,0,0,0
1774520349,0,0,0,0
1774520350,0,0,0,0
1774520351,0,0,0,0
1774520352,0,0,0,0
1774520353,0,0,0,0
1774520354,0,0,0,0
1774520355,0,0,0,0
1774520356,0,0,0,0
1774520357,0,0,0,0
1774520358,0,0,0,0
1774520359,0,0,0,0
1774520360,0,0,0,0
1774520361,0,0,0,0
1774520362,0,0,0,0
1774520363,0,0,0,0
1774520364,0,0,0,0
1774520365,0,0,0,0
1774520366,0,0,0,0
1774520367,0,0,0,0
1774520368,0,0,0,0
1774520369,0,0,0,0
1774520370,0,0,0,0
1774520371,0,0,0,0
1774520372,0,0,0,0
1774520373,0,0,0,0
1774520374,0,0,0,0
1774520375,0,0,0,0
1774520377,0,0,0,0
1774520378,0,0,0,0
1774520379,0,0,0,0
1774520380,0,0,0,0
1774520381,0,0,0,0
1774520382,0,0,0,0
1774520383,0,0,0,0
1774520384,0,0,0,0
1774520385,0,0,0,0
1774520386,0,0,0,0
1774520387,0,0,0,0
1774520388,0,0,0,0
1774520389,0,0,0,0
1774520390,0,0,0,0
1774520391,0,0,0,0
1774520392,0,0,0,0
1774520393,0,0,0,0
1774520394,0,0,0,0
1774520395,0,0,0,0
1774520396,0,0,0,0
1774520397,0,0,0,0
1774520398,0,0,0,0
1774520399,0,0,0,0
1774520400,0,0,0,0
1774520401,0,0,0,0
1774520402,0,0,0,0
1774520403,0,0,0,0
1774520404,0,0,0,0
1774520405,0,0,0,0
1774520406,0,0,0,0
1774520407,0,0,0,0
1774520408,0,0,0,0
1774520409,0,0,0,0
1774520410,0,0,0,0
1774520411,0,0,0,0
1774520412,0,0,0,0
1774520413,0,0,0,0
1774520414,0,0,0,0
1774520415,0,0,0,0
1774520416,0,0,0,0
1774520417,0,0,0,0
1774520418,0,0,0,0
1774520419,0,0,0,0
1774520420,0,0,0,0
1774520421,0,0,0,0
1774520422,0,0,0,0
1774520423,0,0,0,0
1774520424,0,0,0,0
1774520425,0,0,0,0
1774520426,0,0,0,0
1774520427,0,0,0,0
1774520428,0,0,0,0
1774520429,0,0,0,0
1774520430,0,0,0,0
1774520431,0,0,0,0
1774520432,0,0,0,0
1774520433,0,0,0,0
1774520434,0,0,0,0
1774520435,0,0,0,0
1774520436,0,0,0,0
1774520437,0,0,0,0
1774520438,0,0,0,0
1774520439,0,0,0,0
1774520440,0,0,0,0
1774520441,0,0,0,0
1774520442,0,0,0,0
1774520443,0,0,0,0
1774520445,0,0,0,0
1774520446,0,0,0,0
1774520447,0,0,0,0
1774520448,0,0,0,0
1774520449,0,0,0,0
1774520450,0,0,0,0
1774520451,0,0,0,0
1774520452,0,0,0,0
1774520453,0,0,0,0
1774520454,0,0,0,0
1774520455,0,0,0,0
1774520456,0,0,0,0
1774520457,0,0,0,0
1774520458,0,0,0,0
1774520459,0,0,0,0
1774520460,0,0,0,0
1774520461,0,0,0,0
1774520462,0,0,0,0
1774520463,0,0,0,0
1774520464,0,0,0,0
1774520465,0,0,0,0
1774520466,0,0,0,0
1774520467,0,0,0,0
1774520468,0,0,0,0
1774520469,0,0,0,0
1774520470,0,0,0,0
1774520471,0,0,0,0
1774520472,0,0,0,0
1774520473,0,0,0,0
1774520474,0,0,0,0
1774520475,0,0,0,0
1774520476,0,0,0,0
1774520477,0,0,0,0
1774520478,0,0,0,0
1774520479,0,0,0,0
1774520480,0,0,0,0
1774520481,0,0,0,0
1774520482,0,0,0,0
1774520483,0,0,0,0
1774520484,0,0,0,0
1774520485,0,0,0,0
1774520486,0,0,0,0
1774520487,0,0,0,0
1774520488,0,0,0,0
1774520489,0,0,0,0
1774520490,0,0,0,0
1774520491,0,0,0,0
1774520492,0,0,0,0
1774520493,0,0,0,0
1774520494,0,0,0,0
1774520495,0,0,0,0
1774520496,0,0,0,0
1774520497,0,0,0,0
1774520498,0,0,0,0
1774520499,0,0,0,0
1774520500,0,0,0,0
1774520501,0,0,0,0
1774520502,0,0,0,0
1774520503,0,0,0,0
1774520504,0,0,0,0
1774520505,0,0,0,0
1774520507,0,0,0,0
1774520508,0,0,0,0
1774520509,0,0,0,0
1774520510,0,0,0,0
1774520511,0,0,0,0
1774520512,0,0,0,0
1774520513,0,0,0,0
1774520514,0,0,0,0
1774520515,0,0,0,0
1774520516,0,0,0,0
1774520517,0,0,0,0
1774520518,0,0,0,0
1774520519,0,0,0,0
1774520520,0,0,0,0
1774520521,0,0,0,0
1774520522,0,0,0,0
1774520523,0,0,0,0
1774520524,0,0,0,0
1774520525,0,0,0,0
1774520526,0,0,0,0
1774520527,0,0,0,0
1774520528,0,0,0,0
1774520529,0,0,0,0
1774520530,0,0,0,0
1774520531,0,0,0,0
1774520532,0,0,0,0
1774520533,0,0,0,0
1774520534,0,0,0,0
1774520535,0,0,0,0
1774520536,0,0,0,0
1774520537,0,0,0,0
1774520538,0,0,0,0
1774520539,0,0,0,0
1774520540,0,0,0,0
1774520541,0,0,0,0
1774520542,0,0,0,0
1774520543,0,0,0,0
1774520544,0,0,0,0
1774520545,0,0,0,0
1774520546,0,0,0,0
1774520547,0,0,0,0
1774520548,0,0,0,0
1774520549,0,0,0,0
1774520550,0,0,0,0
1774520551,0,0,0,0
1774520552,0,0,0,0
1774520553,0,0,0,0
1774520554,0,0,0,0
1774520555,0,0,0,0
1774520556,0,0,0,0
1774520557,0,0,0,0
1774520558,0,0,0,0
1774520559,0,0,0,0
1774520560,0,0,0,0
1774520561,0,0,0,0
1774520562,0,0,0,0
1774520563,0,0,0,0
1774520564,0,0,0,0
1774520565,0,0,0,0
1774520566,0,0,0,0
1774520567,0,0,0,0
1774520568,0,0,0,0
1774520569,0,0,0,0
1774520570,0,0,0,0
1774520572,0,0,0,0
1774520573,0,0,0,0
1774520574,0,0,0,0
1774520575,0,0,0,0
1774520576,0,0,0,0
1774520577,0,0,0,0
1774520578,0,0,0,0
1774520579,0,0,0,0
1774520580,0,0,0,0
1774520581,0,0,0,0
1774520582,0,0,0,0
1774520583,0,0,0,0
1774520584,0,0,0,0
1774520585,0,0,0,0
1774520586,0,0,0,0
1774520587,0,0,0,0
1774520588,0,0,0,0
1774520589,0,0,0,0
1774520590,0,0,0,0
1774520591,0,0,0,0
1774520592,0,0,0,0
1774520593,0,0,0,0
1774520594,0,0,0,0
1774520595,0,0,0,0
1774520596,0,0,0,0
1774520597,0,0,0,0
1774520598,0,0,0,0
1774520599,0,0,0,0
1774520600,0,0,0,0
1774520601,0,0,0,0
1774520602,0,0,0,0
1774520603,0,0,0,0
1774520604,0,0,0,0
1774520605,0,0,0,0
1774520606,0,0,0,0
1774520607,0,0,0,0
1774520608,0,0,0,0
1774520609,0,0,0,0
1774520610,0,0,0,0
1774520611,0,0,0,0
1774520612,0,0,0,0
1774520613,0,0,0,0
1774520614,0,0,0,0
1774520615,0,0,0,0
1774520616,0,0,0,0
1774520617,0,0,0,0
1774520618,0,0,0,0
1774520619,0,0,0,0
1774520620,0,0,0,0
1774520621,0,0,0,0
1774520622,0,0,0,0
1774520623,0,0,0,0
1774520624,0,0,0,0
1774520625,0,0,0,0
1774520626,0,0,0,0
1774520627,0,0,0,0
1774520628,0,0,0,0
1774520629,0,0,0,0
1774520631,0,0,0,0
1774520632,0,0,0,0
1774520633,0,0,0,0
1774520634,0,0,0,0
1774520635,0,0,0,0
1774520636,0,0,0,0
1774520637,0,0,0,0
1774520638,0,0,0,0
1774520639,0,0,0,0
1774520640,0,0,0,0
1774520641,0,0,0,0
1774520642,0,0,0,0
1774520643,0,0,0,0
1774520644,0,0,0,0
1774520645,0,0,0,0
1774520646,0,0,0,0
1774520647,0,0,0,0
1774520648,0,0,0,0
1774520649,0,0,0,0
1774520650,0,0,0,0
1774520651,0,0,0,0
1774520652,0,0,0,0
1774520653,0,0,0,0
1774520654,0,0,0,0
1774520655,0,0,0,0
1774520656,0,0,0,0
1774520657,0,0,0,0
1774520658,0,0,0,0
1774520659,0,0,0,0
1774520660,0,0,0,0
1774520661,0,0,0,0
1774520662,0,0,0,0
1774520663,0,0,0,0
1774520664,0,0,0,0
1774520665,0,0,0,0
1774520666,0,0,0,0
1774520667,0,0,0,0
1774520668,0,0,0,0
1774520669,0,0,0,0
1774520670,0,0,0,0
1774520671,0,0,0,0
1774520672,0,0,0,0
1774520673,0,0,0,0
1774520674,0,0,0,0
1774520675,0,0,0,0
1774520676,0,0,0,0
1774520677,0,0,0,0
1774520678,0,0,0,0
1774520679,0,0,0,0
1774520680,0,0,0,0
1774520681,0,0,0,0
1774520682,0,0,0,0
1774520683,0,0,0,0
1774520684,0,0,0,0
1774520685,0,0,0,0
1774520686,0,0,0,0
1774520687,0,0,0,0
1774520689,0,0,0,0
1774520690,0,0,0,0
1774520691,0,0,0,0
1774520692,0,0,0,0
1774520693,0,0,0,0
1774520694,0,0,0,0
1774520695,0,0,0,0
1774520696,0,0,0,0
1774520697,0,0,0,0
1774520698,0,0,0,0
1774520699,0,0,0,0
1774520700,0,0,0,0
1774520701,0,0,0,0
1774520702,0,0,0,0
1774520703,0,0,0,0
1774520704,0,0,0,0
1774520705,0,0,0,0
1774520706,0,0,0,0
1774520707,0,0,0,0
1774520708,0,0,0,0
1774520709,0,0,0,0
1774520710,0,0,0,0
1774520711,0,0,0,0
1774520712,0,0,0,0
1774520713,0,0,0,0
1774520714,0,0,0,0
1774520715,0,0,0,0
1774520716,0,0,0,0
1774520717,0,0,0,0
1774520718,0,0,0,0
1774520719,0,0,0,0
1774520720,0,0,0,0
1774520721,0,0,0,0
1774520722,0,0,0,0
1774520723,0,0,0,0
1774520724,0,0,0,0
1774520725,0,0,0,0
1774520726,0,0,0,0
1774520727,0,0,0,0
1774520728,0,0,0,0
1774520729,0,0,0,0
1774520730,0,0,0,0
1774520731,0,0,0,0
1774520732,0,0,0,0
1774520733,0,0,0,0
1774520734,0,0,0,0
1774520735,0,0,0,0
1774520736,0,0,0,0
1774520737,0,0,0,0
1774520738,0,0,0,0
1774520739,0,0,0,0
1774520740,0,0,0,0
1774520741,0,0,0,0
1774520742,0,0,0,0
1774520743,0,0,0,0
1774520744,0,0,0,0
1774520745,0,0,0,0
1774520746,0,0,0,0
1774520747,0,0,0,0
1774520749,0,0,0,0
1774520750,0,0,0,0
1774520751,0,0,0,0
1774520752,0,0,0,0
1774520753,0,0,0,0
1774520754,0,0,0,0
1774520755,0,0,0,0
1774520756,0,0,0,0
1774520757,0,0,0,0
1774520758,0,0,0,0
1774520759,0,0,0,0
1774520760,0,0,0,0
1774520761,0,0,0,0
1774520762,0,0,0,0
1774520763,0,0,0,0
1774520764,0,0,0,0
1774520765,0,0,0,0
1774520766,0,0,0,0
1774520767,0,0,0,0
1774520768,0,0,0,0
1774520769,0,0,0,0
1774520770,0,0,0,0
1774520771,0,0,0,0
1774520772,0,0,0,0
1774520773,0,0,0,0
1774520774,0,0,0,0
1774520775,0,0,0,0
1774520776,0,0,0,0
1774520777,0,0,0,0
1774520778,0,0,0,0
1774520779,0,0,0,0
1774520780,0,0,0,0
1774520781,0,0,0,0
1774520782,0,0,0,0
1774520783,0,0,0,0
1774520784,0,0,0,0
1774520785,0,0,0,0
1774520786,0,0,0,0
1774520787,0,0,0,0
1774520788,0,0,0,0
1774520789,0,0,0,0
1774520790,0,0,0,0
1774520791,0,0,0,0
1774520792,0,0,0,0
1774520793,0,0,0,0
1774520794,0,0,0,0
1774520795,0,0,0,0
1774520796,0,0,0,0
1774520797,0,0,0,0
1774520798,0,0,0,0
1774520799,0,0,0,0
1774520800,0,0,0,0
1774520801,0,0,0,0
1774520802,0,0,0,0
1774520803,0,0,0,0
1774520804,0,0,0,0
1774520806,0,0,0,0
1774520807,0,0,0,0
1774520808,0,0,0,0
1774520809,0,0,0,0
1774520810,0,0,0,0
1774520811,0,0,0,0
1774520812,0,0,0,0
1774520813,0,0,0,0
1774520814,0,0,0,0
1774520815,0,0,0,0
1774520816,0,0,0,0
1774520817,0,0,0,0
1774520818,0,0,0,0
1774520819,0,0,0,0
1774520820,0,0,0,0
1774520821,0,0,0,0
1774520822,0,0,0,0
1774520823,0,0,0,0
1774520824,0,0,0,0
1774520825,0,0,0,0
1774520826,0,0,0,0
1774520827,0,0,0,0
1774520828,0,0,0,0
1774520829,0,0,0,0
1774520830,0,0,0,0
1774520831,0,0,0,0
1774520832,0,0,0,0
1774520833,0,0,0,0
1774520834,0,0,0,0
1774520835,0,0,0,0
1774520836,0,0,0,0
1774520837,0,0,0,0
1774520838,0,0,0,0
1774520839,0,0,0,0
1774520840,0,0,0,0
1774520841,0,0,0,0
1774520842,0,0,0,0
1774520843,0,0,0,0
1774520844,0,0,0,0
1774520845,0,0,0,0
1774520846,0,0,0,0
1774520847,0,0,0,0
1774520848,0,0,0,0
1774520849,0,0,0,0
1774520850,0,0,0,0
1774520851,0,0,0,0
1774520852,0,0,0,0
1774520853,0,0,0,0
1774520854,0,0,0,0
1774520855,0,0,0,0
1774520856,0,0,0,0
1774520857,0,0,0,0
1774520858,0,0,0,0
1774520859,0,0,0,0
1774520860,0,0,0,0
1774520861,0,0,0,0
1774520862,0,0,0,0
1774520863,0,0,0,0
1774520864,0,0,0,0
1774520865,0,0,0,0
1774520866,0,0,0,0
1774520868,0,0,0,0
1774520869,0,0,0,0
1774520870,0,0,0,0
1774520871,0,0,0,0
1774520872,0,0,0,0
1774520873,0,0,0,0
1774520874,0,0,0,0
1774520875,0,0,0,0
1774520876,0,0,0,0
1774520877,0,0,0,0
1774520878,0,0,0,0
1774520879,0,0,0,0
1774520880,0,0,0,0
1774520881,0,0,0,0
1774520882,0,0,0,0
1774520883,0,0,0,0
1774520884,0,0,0,0
1774520885,0,0,0,0
1774520886,0,0,0,0
1774520887,0,0,0,0
1774520888,0,0,0,0
1774520889,0,0,0,0
1774520890,0,0,0,0
1774520891,0,0,0,0
1774520892,0,0,0,0
1774520893,0,0,0,0
1774520894,0,0,0,0
1774520895,0,0,0,0
1774520896,0,0,0,0
1774520897,0,0,0,0
1774520898,0,0,0,0
1774520899,0,0,0,0
1774520900,0,0,0,0
1774520901,0,0,0,0
1774520902,0,0,0,0
1774520903,0,0,0,0
1774520904,0,0,0,0
1774520905,0,0,0,0
1774520906,0,0,0,0
1774520907,0,0,0,0
1774520908,0,0,0,0
1774520909,0,0,0,0
1774520910,0,0,0,0
1774520911,0,0,0,0
1774520912,0,0,0,0
1774520913,0,0,0,0
1774520914,0,0,0,0
1774520915,0,0,0,0
1774520916,0,0,0,0
1774520917,0,0,0,0
1774520918,0,0,0,0
1774520919,0,0,0,0
1774520920,0,0,0,0
1774520921,0,0,0,0
1774520922,0,0,0,0
1774520924,0,0,0,0
1774520925,0,0,0,0
1774520926,0,0,0,0
1774520927,0,0,0,0
1774520928,0,0,0,0
1774520929,0,0,0,0
1774520930,0,0,0,0
1774520931,0,0,0,0
1774520932,0,0,0,0
1774520933,0,0,0,0
1774520934,0,0,0,0
1774520935,0,0,0,0
1774520936,0,0,0,0
1774520937,0,0,0,0
1774520938,0,0,0,0
1774520939,0,0,0,0
1774520940,0,0,0,0
1774520941,0,0,0,0
1774520942,0,0,0,0
1774520943,0,0,0,0
1774520944,0,0,0,0
1774520945,0,0,0,0
1774520946,0,0,0,0
1774520947,0,0,0,0
1774520948,0,0,0,0
1774520949,0,0,0,0
1774520950,0,0,0,0
1774520951,0,0,0,0
1774520952,0,0,0,0
1774520953,0,0,0,0
1774520954,0,0,0,0
1774520955,0,0,0,0
1774520956,0,0,0,0
1774520957,0,0,0,0
1774520958,0,0,0,0
1774520959,0,0,0,0
1774520960,0,0,0,0
1774520961,0,0,0,0
1774520962,0,0,0,0
1774520963,0,0,0,0
1774520964,0,0,0,0
1774520965,0,0,0,0
1774520966,0,0,0,0
1774520967,0,0,0,0
1774520968,0,0,0,0
1774520969,0,0,0,0
1774520970,0,0,0,0
1774520971,0,0,0,0
1774520972,0,0,0,0
1774520973,0,0,0,0
1774520974,0,0,0,0
1774520975,0,0,0,0
1774520976,0,0,0,0
1774520977,0,0,0,0
1774520978,0,0,0,0
1774520979,0,0,0,0
1774520980,0,0,0,0
1774520981,0,0,0,0
1774520982,0,0,0,0
1774520983,0,0,0,0
1774520985,0,0,0,0
1774520986,0,0,0,0
1774520987,0,0,0,0
1774520988,0,0,0,0
1774520989,0,0,0,0
1774520990,0,0,0,0
1774520991,0,0,0,0
1774520992,0,0,0,0
1774520993,0,0,0,0
1774520994,0,0,0,0
1774520995,0,0,0,0
1774520996,0,0,0,0
1774520997,0,0,0,0
1774520998,0,0,0,0
1774520999,0,0,0,0
1774521000,0,0,0,0
1774521001,0,0,0,0
1774521002,0,0,0,0
1774521003,0,0,0,0
1774521004,0,0,0,0
1774521005,0,0,0,0
1774521006,0,0,0,0
1774521007,0,0,0,0
1774521008,0,0,0,0
1774521009,0,0,0,0
1774521010,0,0,0,0
1774521011,0,0,0,0
1774521012,0,0,0,0
1774521013,0,0,0,0
1774521014,0,0,0,0
1774521015,0,0,0,0
1774521016,0,0,0,0
1774521017,0,0,0,0
1774521018,0,0,0,0
1774521019,0,0,0,0
1774521020,0,0,0,0
1774521021,0,0,0,0
1774521022,0,0,0,0
1774521023,0,0,0,0
1774521024,0,0,0,0
1774521025,0,0,0,0
1774521026,0,0,0,0
1774521027,0,0,0,0
1774521028,0,0,0,0
1774521029,0,0,0,0
1774521030,0,0,0,0
1774521031,0,0,0,0
1774521032,0,0,0,0
1774521033,0,0,0,0
1774521034,0,0,0,0
1774521035,0,0,0,0
1774521036,0,0,0,0
1774521037,0,0,0,0
1774521038,0,0,0,0
1774521039,0,0,0,0
1774521040,0,0,0,0
1774521041,0,0,0,0
1774521042,0,0,0,0
1774521044,0,0,0,0
1774521045,0,0,0,0
1774521046,0,0,0,0
1774521047,0,0,0,0
1774521048,0,0,0,0
1774521049,0,0,0,0
1774521050,0,0,0,0
1774521051,0,0,0,0
1774521052,0,0,0,0
1774521053,0,0,0,0
1774521054,0,0,0,0
1774521055,0,0,0,0
1774521056,0,0,0,0
1774521057,0,0,0,0
1774521058,0,0,0,0
1774521059,0,0,0,0
1774521060,0,0,0,0
1774521061,0,0,0,0
1774521062,0,0,0,0
1774521063,0,0,0,0
1774521064,0,0,0,0
1774521065,0,0,0,0
1774521066,0,0,0,0
1774521067,0,0,0,0
1774521068,0,0,0,0
1774521069,0,0,0,0
1774521070,0,0,0,0
1774521071,0,0,0,0
1774521072,0,0,0,0
1774521073,0,0,0,0
1774521074,0,0,0,0
1774521075,0,0,0,0
1774521076,0,0,0,0
1774521077,0,0,0,0
1774521078,0,0,0,0
1774521079,0,0,0,0
1774521080,0,0,0,0
1774521081,0,0,0,0
1774521082,0,0,0,0
1774521083,0,0,0,0
1774521084,0,0,0,0
1774521085,0,0,0,0
1774521086,0,0,0,0
1774521087,0,0,0,0
1774521088,0,0,0,0
1774521089,0,0,0,0
1774521090,0,0,0,0
1774521091,0,0,0,0
1774521092,0,0,0,0
1774521093,0,0,0,0
1774521094,0,0,0,0
1774521095,0,0,0,0
1774521096,0,0,0,0
1774521097,0,0,0,0
1774521098,0,0,0,0
1774521100,0,0,0,0
1774521101,0,0,0,0
1774521102,0,0,0,0
1774521103,0,0,0,0
1774521104,0,0,0,0
1774521105,0,0,0,0
1774521106,0,0,0,0
1774521107,0,0,0,0
1774521108,0,0,0,0
1774521109,0,0,0,0
1774521110,0,0,0,0
1774521111,0,0,0,0
1774521112,0,0,0,0
1774521113,0,0,0,0
1774521114,0,0,0,0
1774521115,0,0,0,0
1774521116,0,0,0,0
1774521117,0,0,0,0
1774521118,0,0,0,0
1774521119,0,0,0,0
1774521120,0,0,0,0
1774521121,0,0,0,0
1774521122,0,0,0,0
1774521123,0,0,0,0
1774521124,0,0,0,0
1774521125,0,0,0,0
1774521126,0,0,0,0
1774521127,0,0,0,0
1774521128,0,0,0,0
1774521129,0,0,0,0
1774521130,0,0,0,0
1774521131,0,0,0,0
1774521132,0,0,0,0
1774521133,0,0,0,0
1774521134,0,0,0,0
1774521135,0,0,0,0
1774521136,0,0,0,0
1774521137,0,0,0,0
1774521138,0,0,0,0
1774521139,0,0,0,0
1774521140,0,0,0,0
1774521141,0,0,0,0
1774521142,0,0,0,0
1774521143,0,0,0,0
1774521144,0,0,0,0
1774521145,0,0,0,0
1774521146,0,0,0,0
1774521147,0,0,0,0
1774521148,0,0,0,0
1774521149,0,0,0,0
1774521150,0,0,0,0
1774521151,0,0,0,0
1774521152,0,0,0,0
1774521153,0,0,0,0
1774521155,0,0,0,0
1774521156,0,0,0,0
1774521157,0,0,0,0
1774521158,0,0,0,0
1774521159,0,0,0,0
1774521160,0,0,0,0
1774521161,0,0,0,0
1774521162,0,0,0,0
1774521163,0,0,0,0
1774521164,0,0,0,0
1774521165,0,0,0,0
1774521166,0,0,0,0
1774521167,0,0,0,0
1774521168,0,0,0,0
1774521169,0,0,0,0
1774521170,0,0,0,0
1774521171,0,0,0,0
1774521172,0,0,0,0
1774521173,0,0,0,0
1774521174,0,0,0,0
1774521175,0,0,0,0
1774521176,0,0,0,0
1774521177,0,0,0,0
1774521178,0,0,0,0
1774521179,0,0,0,0
1774521180,0,0,0,0
1774521181,0,0,0,0
1774521182,0,0,0,0
1774521183,0,0,0,0
1774521184,0,0,0,0
1774521185,0,0,0,0
1774521186,0,0,0,0
1774521187,0,0,0,0
1774521188,0,0,0,0
1774521189,0,0,0,0
1774521190,0,0,0,0
1774521191,0,0,0,0
1774521192,0,0,0,0
1774521193,0,0,0,0
1774521194,0,0,0,0
1774521195,0,0,0,0
1774521196,0,0,0,0
1774521197,0,0,0,0
1774521198,0,0,0,0
1774521199,0,0,0,0
1774521200,0,0,0,0
1774521201,0,0,0,0
1774521202,0,0,0,0
1774521204,0,0,0,0
1774521205,0,0,0,0
1774521206,0,0,0,0
1774521207,0,0,0,0
1774521208,0,0,0,0
1774521209,0,0,0,0
1774521210,0,0,0,0
1774521211,0,0,0,0
1774521212,0,0,0,0
1774521213,0,0,0,0
1774521214,0,0,0,0
1774521215,0,0,0,0
1774521216,0,0,0,0
1774521217,0,0,0,0
1774521218,0,0,0,0
1774521219,0,0,0,0
1774521220,0,0,0,0
1774521221,0,0,0,0
1774521222,0,0,0,0
1774521223,0,0,0,0
1774521224,0,0,0,0
1774521225,0,0,0,0
1774521226,0,0,0,0
1774521227,0,0,0,0
1774521228,0,0,0,0
1774521229,0,0,0,0
1774521230,0,0,0,0
1774521231,0,0,0,0
1774521232,0,0,0,0
1774521233,0,0,0,0
1774521234,0,0,0,0
1774521235,0,0,0,0
1774521236,0,0,0,0
1774521237,0,0,0,0
1774521238,0,0,0,0
1774521239,0,0,0,0
1774521240,0,0,0,0
1774521241,0,0,0,0
1774521242,0,0,0,0
1774521243,0,0,0,0
1774521244,0,0,0,0
1774521245,0,0,0,0
1774521246,0,0,0,0
1774521247,0,0,0,0
1774521248,0,0,0,0
1774521249,0,0,0,0
1774521250,0,0,0,0
1774521251,0,0,0,0
1774521252,0,0,0,0
1774521253,0,0,0,0
1774521254,0,0,0,0
1774521255,0,0,0,0
1774521256,0,0,0,0
1774521257,0,0,0,0
1774521258,0,0,0,0
1774521259,0,0,0,0
1774521260,0,0,0,0
1774521261,0,0,0,0
1774521262,0,0,0,0
1774521263,0,0,0,0
1774521264,0,0,0,0
1774521266,0,0,0,0
1774521267,0,0,0,0
1774521268,0,0,0,0
1774521269,0,0,0,0
1774521270,0,0,0,0
1774521271,0,0,0,0
1774521272,0,0,0,0
1774521273,0,0,0,0
1774521274,0,0,0,0
1774521275,0,0,0,0
1774521276,0,0,0,0
1774521277,0,0,0,0
1774521278,0,0,0,0
1774521279,0,0,0,0
1774521280,0,0,0,0
1774521281,0,0,0,0
1774521282,0,0,0,0
1774521283,0,0,0,0
1774521284,0,0,0,0
1774521285,0,0,0,0
1774521286,0,0,0,0
1774521287,0,0,0,0
1774521288,0,0,0,0
1774521289,0,0,0,0
1774521290,0,0,0,0
1774521291,0,0,0,0
1774521292,0,0,0,0
1774521293,0,0,0,0
1774521294,0,0,0,0
1774521295,0,0,0,0
1774521296,0,0,0,0
1774521297,0,0,0,0
1774521298,0,0,0,0
1774521299,0,0,0,0
1774521300,0,0,0,0
1774521301,0,0,0,0
1774521302,0,0,0,0
1774521303,0,0,0,0
1774521304,0,0,0,0
1774521305,0,0,0,0
1774521306,0,0,0,0
1774521307,0,0,0,0
1774521308,0,0,0,0
1774521309,0,0,0,0
1774521310,0,0,0,0
1774521311,0,0,0,0
1774521312,0,0,0,0
1774521313,0,0,0,0
1774521314,0,0,0,0
1774521315,0,0,0,0
1774521316,0,0,0,0
1774521317,0,0,0,0
1774521318,0,0,0,0
1774521319,0,0,0,0
1774521320,0,0,0,0
1774521322,0,0,0,0
1774521323,0,0,0,0
1774521324,0,0,0,0
1774521325,0,0,0,0
1774521326,0,0,0,0
1774521327,0,0,0,0
1774521328,0,0,0,0
1774521329,0,0,0,0
1774521330,0,0,0,0
1774521331,0,0,0,0
1774521332,0,0,0,0
1774521333,0,0,0,0
1774521334,0,0,0,0
1774521335,0,0,0,0
1774521336,0,0,0,0
1774521337,0,0,0,0
1774521338,0,0,0,0
1774521339,0,0,0,0
1774521340,0,0,0,0
1774521341,0,0,0,0
1774521342,0,0,0,0
1774521343,0,0,0,0
1774521344,0,0,0,0
1774521345,0,0,0,0
1774521346,0,0,0,0
1774521347,0,0,0,0
1774521348,0,0,0,0
1774521349,0,0,0,0
1774521350,0,0,0,0
1774521351,0,0,0,0
1774521352,0,0,0,0
1774521353,0,0,0,0
1774521354,0,0,0,0
1774521355,0,0,0,0
1774521356,0,0,0,0
1774521357,0,0,0,0
1774521358,0,0,0,0
1774521359,0,0,0,0
1774521360,0,0,0,0
1774521361,0,0,0,0
1774521362,0,0,0,0
1774521363,0,0,0,0
1774521364,0,0,0,0
1774521365,0,0,0,0
1774521366,0,0,0,0
1774521367,0,0,0,0
1774521368,0,0,0,0
1774521369,0,0,0,0
1774521370,0,0,0,0
1774521371,0,0,0,0
1774521372,0,0,0,0
1774521373,0,0,0,0
1774521374,0,0,0,0
1774521376,0,0,0,0
1774521377,0,0,0,0
1774521378,0,0,0,0
1774521379,0,0,0,0
1774521380,0,0,0,0
1774521381,0,0,0,0
1774521382,0,0,0,0
1774521383,0,0,0,0
1774521384,0,0,0,0
1774521385,0,0,0,0
1774521386,0,0,0,0
1774521387,0,0,0,0
1774521388,0,0,0,0
1774521389,0,0,0,0
1774521390,0,0,0,0
1774521391,0,0,0,0
1774521392,0,0,0,0
1774521393,0,0,0,0
1774521394,0,0,0,0
1774521395,0,0,0,0
1774521396,0,0,0,0
1774521397,0,0,0,0
1774521398,0,0,0,0
1774521399,0,0,0,0
1774521400,0,0,0,0
1774521401,0,0,0,0
1774521402,0,0,0,0
1774521403,0,0,0,0
1774521404,0,0,0,0
1774521405,0,0,0,0
1774521406,0,0,0,0
1774521407,0,0,0,0
1774521408,0,0,0,0
1774521409,0,0,0,0
1774521410,0,0,0,0
1774521411,0,0,0,0
1774521412,0,0,0,0
1774521413,0,0,0,0
1774521414,0,0,0,0
1774521415,0,0,0,0
1774521416,0,0,0,0
1774521417,0,0,0,0
1774521418,0,0,0,0
1774521419,0,0,0,0
1774521420,0,0,0,0
1774521421,0,0,0,0
1774521422,0,0,0,0
1774521423,0,0,0,0
1774521424,0,0,0,0
1774521425,0,0,0,0
1774521426,0,0,0,0
1774521427,0,0,0,0
1774521428,0,0,0,0
1774521429,0,0,0,0
1774521431,0,0,0,0
1774521432,0,0,0,0
1774521433,0,0,0,0
1774521434,0,0,0,0
1774521435,0,0,0,0
1774521436,0,0,0,0
1774521437,0,0,0,0
1774521438,0,0,0,0
1774521439,0,0,0,0
1774521440,0,0,0,0
1774521441,0,0,0,0
1774521442,0,0,0,0
1774521443,0,0,0,0
1774521444,0,0,0,0
1774521445,0,0,0,0
1774521446,0,0,0,0
1774521447,0,0,0,0
1774521448,0,0,0,0
1774521449,0,0,0,0
1774521450,0,0,0,0
1774521451,0,0,0,0
1774521452,0,0,0,0
1774521453,0,0,0,0
1774521454,0,0,0,0
1774521455,0,0,0,0
1774521456,0,0,0,0
1774521457,0,0,0,0
1774521458,0,0,0,0
1774521459,0,0,0,0
1774521460,0,0,0,0
1774521461,0,0,0,0
1774521462,0,0,0,0
1774521463,0,0,0,0
1774521464,0,0,0,0
1774521465,0,0,0,0
1774521466,0,0,0,0
1774521467,0,0,0,0
1774521468,0,0,0,0
1774521469,0,0,0,0
1774521470,0,0,0,0
1774521471,0,0,0,0
1774521472,0,0,0,0
1774521473,0,0,0,0
1774521474,0,0,0,0
1774521475,0,0,0,0
1774521476,0,0,0,0
1774521477,0,0,0,0
1774521478,0,0,0,0
1774521479,0,0,0,0
1774521480,0,0,0,0
1774521481,0,0,0,0
1774521482,0,0,0,0
1774521483,0,0,0,0
1774521484,0,0,0,0
1774521486,0,0,0,0
1774521487,0,0,0,0
1774521488,0,0,0,0
1774521489,0,0,0,0
1774521490,0,0,0,0
1774521491,0,0,0,0
1774521492,0,0,0,0
1774521493,0,0,0,0
1774521494,0,0,0,0
1774521495,0,0,0,0
1774521496,0,0,0,0
1774521497,0,0,0,0
1774521498,0,0,0,0
1774521499,0,0,0,0
1774521500,0,0,0,0
1774521501,0,0,0,0
1774521502,0,0,0,0
1774521503,0,0,0,0
1774521504,0,0,0,0
1774521505,0,0,0,0
1774521506,0,0,0,0
1774521507,0,0,0,0
1774521508,0,0,0,0
1774521509,0,0,0,0
1774521510,0,0,0,0
1774521511,0,0,0,0
1774521512,0,0,0,0
1774521513,0,0,0,0
1774521514,0,0,0,0
1774521515,0,0,0,0
1774521516,0,0,0,0
1774521517,0,0,0,0
1774521518,0,0,0,0
1774521519,0,0,0,0
1774521520,0,0,0,0
1774521521,0,0,0,0
1774521522,0,0,0,0
1774521523,0,0,0,0
1774521524,0,0,0,0
1774521525,0,0,0,0
1774521526,0,0,0,0
1774521527,0,0,0,0
1774521528,0,0,0,0
1774521529,0,0,0,0
1774521530,0,0,0,0
1774521531,0,0,0,0
1774521532,0,0,0,0
1774521533,0,0,0,0
1774521534,0,0,0,0
1774521535,0,0,0,0
1774521536,0,0,0,0
1774521537,0,0,0,0
1774521538,0,0,0,0
1774521539,0,0,0,0
1774521540,0,0,0,0
1774521541,0,0,0,0
1774521542,0,0,0,0
1774521543,0,0,0,0
1774521544,0,0,0,0
1774521545,0,0,0,0
1774521546,0,0,0,0
1774521548,0,0,0,0
1774521549,0,0,0,0
1774521550,0,0,0,0
1774521551,0,0,0,0
1774521552,0,0,0,0
1774521553,0,0,0,0
1774521554,0,0,0,0
1774521555,0,0,0,0
1774521556,0,0,0,0
1774521557,0,0,0,0
1774521558,0,0,0,0
1774521559,0,0,0,0
1774521560,0,0,0,0
1774521561,0,0,0,0
1774521562,0,0,0,0
1774521563,0,0,0,0
1774521564,0,0,0,0
1774521565,0,0,0,0
1774521566,0,0,0,0
1774521567,0,0,0,0
1774521568,0,0,0,0
1774521569,0,0,0,0
1774521570,0,0,0,0
1774521571,0,0,0,0
1774521572,0,0,0,0
1774521573,0,0,0,0
1774521574,0,0,0,0
1774521575,0,0,0,0
1774521576,0,0,0,0
1774521577,0,0,0,0
1774521578,0,0,0,0
1774521579,0,0,0,0
1774521580,0,0,0,0
1774521581,0,0,0,0
1774521582,0,0,0,0
1774521583,0,0,0,0
1774521584,0,0,0,0
1774521585,0,0,0,0
1774521586,0,0,0,0
1774521587,0,0,0,0
1774521588,0,0,0,0
1774521589,0,0,0,0
1774521590,0,0,0,0
1774521591,0,0,0,0
1774521592,0,0,0,0
1774521593,0,0,0,0
1774521594,0,0,0,0
1774521595,0,0,0,0
1774521596,0,0,0,0
1774521597,0,0,0,0
1774521598,0,0,0,0
1774521599,0,0,0,0
1774521600,0,0,0,0
1774521601,0,0,0,0
1774521602,0,0,0,0
1774521603,0,0,0,0
1774521604,0,0,0,0
1774521605,0,0,0,0
1774521606,0,0,0,0
1774521607,0,0,0,0
1774521608,0,0,0,0
1774521609,0,0,0,0
1774521610,0,0,0,0
1774521612,0,0,0,0
1774521613,0,0,0,0
1774521614,0,0,0,0
1774521615,0,0,0,0
1774521616,0,0,0,0
1774521617,0,0,0,0
1774521618,0,0,0,0
1774521619,0,0,0,0
1774521620,0,0,0,0
1774521621,0,0,0,0
1774521622,0,0,0,0
1774521623,0,0,0,0
1774521624,0,0,0,0
1774521625,0,0,0,0
1774521626,0,0,0,0
1774521627,0,0,0,0
1774521628,0,0,0,0
1774521629,0,0,0,0
1774521630,0,0,0,0
1774521631,0,0,0,0
1774521632,0,0,0,0
1774521633,0,0,0,0
1774521634,0,0,0,0
1774521635,0,0,0,0
1774521636,0,0,0,0
1774521637,0,0,0,0
1774521638,0,0,0,0
1774521639,0,0,0,0
1774521640,0,0,0,0
1774521641,0,0,0,0
1774521642,0,0,0,0
1774521643,0,0,0,0
1774521644,0,0,0,0
1774521645,0,0,0,0
1774521646,0,0,0,0
1774521647,0,0,0,0
1774521648,0,0,0,0
1774521649,0,0,0,0
1774521650,0,0,0,0
1774521651,0,0,0,0
1774521652,0,0,0,0
1774521653,0,0,0,0
1774521654,0,0,0,0
1774521655,0,0,0,0
1774521656,0,0,0,0
1774521657,0,0,0,0
1774521658,0,0,0,0
1774521659,0,0,0,0
1774521660,0,0,0,0
1774521661,0,0,0,0
1774521662,0,0,0,0
1774521663,0,0,0,0
1774521664,0,0,0,0
1774521665,0,0,0,0
1774521666,0,0,0,0
1774521667,0,0,0,0
1774521668,0,0,0,0
1774521669,0,0,0,0
1774521670,0,0,0,0
1774521671,0,0,0,0
1774521672,0,0,0,0
1774521674,0,0,0,0
1774521675,0,0,0,0
1774521676,0,0,0,0
1774521677,0,0,0,0
1774521678,0,0,0,0
1774521679,0,0,0,0
1774521680,0,0,0,0
1774521681,0,0,0,0
1774521682,0,0,0,0
1774521683,0,0,0,0
1774521684,0,0,0,0
1774521685,0,0,0,0
1774521686,0,0,0,0
1774521687,0,0,0,0
1774521688,0,0,0,0
1774521689,0,0,0,0
1774521690,0,0,0,0
1774521691,0,0,0,0
1774521692,0,0,0,0
1774521693,0,0,0,0
1774521694,0,0,0,0
1774521695,0,0,0,0
1774521696,0,0,0,0
1774521697,0,0,0,0
1774521698,0,0,0,0
1774521699,0,0,0,0
1774521700,0,0,0,0
1774521701,0,0,0,0
1774521702,0,0,0,0
1774521703,0,0,0,0
1774521704,0,0,0,0
1774521705,0,0,0,0
1774521706,0,0,0,0
1774521707,0,0,0,0
1774521708,0,0,0,0
1774521709,0,0,0,0
1774521710,0,0,0,0
1774521711,0,0,0,0
1774521712,0,0,0,0
1774521713,0,0,0,0
1774521714,0,0,0,0
1774521715,0,0,0,0
1774521716,0,0,0,0
1774521717,0,0,0,0
1774521718,0,0,0,0
1774521719,0,0,0,0
1774521720,0,0,0,0
1774521721,0,0,0,0
1774521722,0,0,0,0
1774521723,0,0,0,0
1774521724,0,0,0,0
1774521725,0,0,0,0
1774521726,0,0,0,0
1774521727,0,0,0,0
1774521728,0,0,0,0
1774521729,0,0,0,0
1774521731,0,0,0,0
1774521732,0,0,0,0
1774521733,0,0,0,0
1774521734,0,0,0,0
1774521735,0,0,0,0
1774521736,0,0,0,0
1774521737,0,0,0,0
1774521738,0,0,0,0
1774521739,0,0,0,0
1774521740,0,0,0,0
1774521741,0,0,0,0
1774521742,0,0,0,0
1774521743,0,0,0,0
1774521744,0,0,0,0
1774521745,0,0,0,0
1774521746,0,0,0,0
1774521747,0,0,0,0
1774521748,0,0,0,0
1774521749,0,0,0,0
1774521750,0,0,0,0
1774521751,0,0,0,0
1774521752,0,0,0,0
1774521753,0,0,0,0
1774521754,0,0,0,0
1774521755,0,0,0,0
1774521756,0,0,0,0
1774521757,0,0,0,0
1774521758,0,0,0,0
1774521759,0,0,0,0
1774521760,0,0,0,0
1774521761,0,0,0,0
1774521762,0,0,0,0
1774521763,0,0,0,0
1774521764,0,0,0,0
1774521765,0,0,0,0
1774521766,0,0,0,0
1774521767,0,0,0,0
1774521768,0,0,0,0
1774521769,0,0,0,0
1774521770,0,0,0,0
1774521771,0,0,0,0
1774521772,0,0,0,0
1774521773,0,0,0,0
1774521774,0,0,0,0
1774521775,0,0,0,0
1774521776,0,0,0,0
1774521777,0,0,0,0
1774521778,0,0,0,0
1774521779,0,0,0,0
1774521780,0,0,0,0
1774521781,0,0,0,0
1774521782,0,0,0,0
1774521783,0,0,0,0
1774521784,0,0,0,0
1774521785,0,0,0,0
1774521786,0,0,0,0
1774521787,0,0,0,0
1774521789,0,0,0,0
1774521790,0,0,0,0
1774521791,0,0,0,0
1774521792,0,0,0,0
1774521793,0,0,0,0
1774521794,0,0,0,0
1774521795,0,0,0,0
1774521796,0,0,0,0
1774521797,0,0,0,0
1774521798,0,0,0,0
1774521799,0,0,0,0
1774521800,0,0,0,0
1774521801,0,0,0,0
1774521802,0,0,0,0
1774521803,0,0,0,0
1774521804,0,0,0,0
1774521805,0,0,0,0
1774521806,0,0,0,0
1774521807,0,0,0,0
1774521808,0,0,0,0
1774521809,0,0,0,0
1774521810,0,0,0,0
1774521811,0,0,0,0
1774521812,0,0,0,0
1774521813,0,0,0,0
1774521814,0,0,0,0
1774521815,0,0,0,0
1774521816,0,0,0,0
1774521817,0,0,0,0
1774521818,0,0,0,0
1774521819,0,0,0,0
1774521820,0,0,0,0
1774521821,0,0,0,0
1774521822,0,0,0,0
1774521823,0,0,0,0
1774521824,0,0,0,0
1774521825,0,0,0,0
1774521826,0,0,0,0
1774521827,0,0,0,0
1774521828,0,0,0,0
1774521829,0,0,0,0
1774521830,0,0,0,0
1774521831,0,0,0,0
1774521832,0,0,0,0
1774521833,0,0,0,0
1774521834,0,0,0,0
1774521835,0,0,0,0
1774521836,0,0,0,0
1774521837,0,0,0,0
1774521838,0,0,0,0
1774521839,0,0,0,0
1774521840,0,0,0,0
1774521841,0,0,0,0
1774521842,0,0,0,0
1774521843,0,0,0,0
1774521844,0,0,0,0
1774521845,0,0,0,0
1774521846,0,0,0,0
1774521848,0,0,0,0
1774521849,0,0,0,0
1774521850,0,0,0,0
1774521851,0,0,0,0
1774521852,0,0,0,0
1774521853,0,0,0,0
1774521854,0,0,0,0
1774521855,0,0,0,0
1774521856,0,0,0,0
1774521857,0,0,0,0
1774521858,0,0,0,0
1774521859,0,0,0,0
1774521860,0,0,0,0
1774521861,0,0,0,0
1774521862,0,0,0,0
1774521863,0,0,0,0
1774521864,0,0,0,0
1774521865,0,0,0,0
1774521866,0,0,0,0
1774521867,0,0,0,0
1774521868,0,0,0,0
1774521869,0,0,0,0
1774521870,0,0,0,0
1774521871,0,0,0,0
1774521872,0,0,0,0
1774521873,0,0,0,0
1774521874,0,0,0,0
1774521875,0,0,0,0
1774521876,0,0,0,0
1774521877,0,0,0,0
1774521878,0,0,0,0
1774521879,0,0,0,0
1774521880,0,0,0,0
1774521881,0,0,0,0
1774521882,0,0,0,0
1774521883,0,0,0,0
1774521884,0,0,0,0
1774521885,0,0,0,0
1774521886,0,0,0,0
1774521887,0,0,0,0
1774521888,0,0,0,0
1774521889,0,0,0,0
1774521890,0,0,0,0
1774521891,0,0,0,0
1774521892,0,0,0,0
1774521893,0,0,0,0
1774521894,0,0,0,0
1774521895,0,0,0,0
1774521896,0,0,0,0
1774521897,0,0,0,0
1774521898,0,0,0,0
1774521899,0,0,0,0
1774521900,0,0,0,0
1774521901,0,0,0,0
1774521902,0,0,0,0
1774521903,0,0,0,0
1774521905,0,0,0,0
1774521906,0,0,0,0
1774521907,0,0,0,0
1774521908,0,0,0,0
1774521909,0,0,0,0
1774521910,0,0,0,0
1774521911,0,0,0,0
1774521912,0,0,0,0
1774521913,0,0,0,0
1774521914,0,0,0,0
1774521915,0,0,0,0
1774521916,0,0,0,0
1774521917,0,0,0,0
1774521918,0,0,0,0
1774521919,0,0,0,0
1774521920,0,0,0,0
1774521921,0,0,0,0
1774521922,0,0,0,0
1774521923,0,0,0,0
1774521924,0,0,0,0
1774521925,0,0,0,0
1774521926,0,0,0,0
1774521927,0,0,0,0
1774521928,0,0,0,0
1774521929,0,0,0,0
1774521930,0,0,0,0
1774521931,0,0,0,0
1774521932,0,0,0,0
1774521933,0,0,0,0
1774521934,0,0,0,0
1774521935,0,0,0,0
1774521936,0,0,0,0
1774521937,0,0,0,0
1774521938,0,0,0,0
1774521939,0,0,0,0
1774521940,0,0,0,0
1774521941,0,0,0,0
1774521942,0,0,0,0
1774521943,0,0,0,0
1774521944,0,0,0,0
1774521945,0,0,0,0
1774521946,0,0,0,0
1774521947,0,0,0,0
1774521948,0,0,0,0
1774521949,0,0,0,0
1774521950,0,0,0,0
1774521951,0,0,0,0
1774521952,0,0,0,0
1774521953,0,0,0,0
1774521954,0,0,0,0
1774521955,0,0,0,0
1774521956,0,0,0,0
1774521957,0,0,0,0
1774521958,0,0,0,0
1774521960,0,0,0,0
1774521961,0,0,0,0
1774521962,0,0,0,0
1774521963,0,0,0,0
1774521964,0,0,0,0
1774521965,0,0,0,0
1774521966,0,0,0,0
1774521967,0,0,0,0
1774521968,0,0,0,0
1774521969,0,0,0,0
1774521970,0,0,0,0
1774521971,0,0,0,0
1774521972,0,0,0,0
1774521973,0,0,0,0
1774521974,0,0,0,0
1774521975,0,0,0,0
1774521976,0,0,0,0
1774521977,0,0,0,0
1774521978,0,0,0,0
1774521979,0,0,0,0
1774521980,0,0,0,0
1774521981,0,0,0,0
1774521982,0,0,0,0
1774521983,0,0,0,0
1774521984,0,0,0,0
1774521985,0,0,0,0
1774521986,0,0,0,0
1774521987,0,0,0,0
1774521988,0,0,0,0
1774521989,0,0,0,0
1774521990,0,0,0,0
1774521991,0,0,0,0
1774521992,0,0,0,0
1774521993,0,0,0,0
1774521994,0,0,0,0
1774521995,0,0,0,0
1774521996,0,0,0,0
1774521997,0,0,0,0
1774521998,0,0,0,0
1774521999,0,0,0,0
1774522000,0,0,0,0
1774522001,0,0,0,0
1774522002,0,0,0,0
1774522003,0,0,0,0
1774522004,0,0,0,0
1774522005,0,0,0,0
1774522006,0,0,0,0
1774522007,0,0,0,0
1774522008,0,0,0,0
1774522009,0,0,0,0
1774522010,0,0,0,0
1774522011,0,0,0,0
1774522012,0,0,0,0
1774522013,0,0,0,0
1774522014,0,0,0,0
1774522015,0,0,0,0
1774522016,0,0,0,0
1774522017,0,0,0,0
1774522018,0,0,0,0
1774522020,0,0,0,0
1774522021,0,0,0,0
1774522022,0,0,0,0
1774522023,0,0,0,0
1774522024,0,0,0,0
1774522025,0,0,0,0
1774522026,0,0,0,0
1774522027,0,0,0,0
1774522028,0,0,0,0
1774522029,0,0,0,0
1774522030,0,0,0,0
1774522031,0,0,0,0
1774522032,0,0,0,0
1774522033,0,0,0,0
1774522034,0,0,0,0
1774522035,0,0,0,0
1774522036,0,0,0,0
1774522037,0,0,0,0
1774522038,0,0,0,0
1774522039,0,0,0,0
1774522040,0,0,0,0
1774522041,0,0,0,0
1774522042,0,0,0,0
1774522043,0,0,0,0
1774522044,0,0,0,0
1774522045,0,0,0,0
1774522046,0,0,0,0
1774522047,0,0,0,0
1774522048,0,0,0,0
1774522049,0,0,0,0
1774522050,0,0,0,0
1774522051,0,0,0,0
1774522052,0,0,0,0
1774522053,0,0,0,0
1774522054,0,0,0,0
1774522055,0,0,0,0
1774522056,0,0,0,0
1774522057,0,0,0,0
1774522058,0,0,0,0
1774522059,0,0,0,0
1774522060,0,0,0,0
1774522061,0,0,0,0
1774522062,0,0,0,0
1774522063,0,0,0,0
1774522064,0,0,0,0
1774522065,0,0,0,0
1774522066,0,0,0,0
1774522067,0,0,0,0
1774522068,0,0,0,0
1774522069,0,0,0,0
1774522070,0,0,0,0
1774522071,0,0,0,0
1774522072,0,0,0,0
1774522073,0,0,0,0
1774522074,0,0,0,0
1774522075,0,0,0,0
1774522076,0,0,0,0
1774522077,0,0,0,0
1774522078,0,0,0,0
1774522079,0,0,0,0
1774522080,0,0,0,0
1774522081,0,0,0,0
1774522082,0,0,0,0
1774522083,0,0,0,0
1774522084,0,0,0,0
1774522086,0,0,0,0
1774522087,0,0,0,0
1774522088,0,0,0,0
1774522089,0,0,0,0
1774522090,0,0,0,0
1774522091,0,0,0,0
1774522092,0,0,0,0
1774522093,0,0,0,0
1774522094,0,0,0,0
1774522095,0,0,0,0
1774522096,0,0,0,0
1774522097,0,0,0,0
1774522098,0,0,0,0
1774522099,0,0,0,0
1774522100,0,0,0,0
1774522101,0,0,0,0
1774522102,0,0,0,0
1774522103,0,0,0,0
1774522104,0,0,0,0
1774522105,0,0,0,0
1774522106,0,0,0,0
1774522107,0,0,0,0
1774522108,0,0,0,0
1774522109,0,0,0,0
1774522110,0,0,0,0
1774522111,0,0,0,0
1774522112,0,0,0,0
1774522113,0,0,0,0
1774522114,0,0,0,0
1774522115,0,0,0,0
1774522116,0,0,0,0
1774522117,0,0,0,0
1774522118,0,0,0,0
1774522119,0,0,0,0
1774522120,0,0,0,0
1774522121,0,0,0,0
1774522122,0,0,0,0
1774522123,0,0,0,0
1774522124,0,0,0,0
1774522125,0,0,0,0
1774522126,0,0,0,0
1774522127,0,0,0,0
1774522128,0,0,0,0
1774522129,0,0,0,0
1774522130,0,0,0,0
1774522131,0,0,0,0
1774522132,0,0,0,0
1774522133,0,0,0,0
1774522134,0,0,0,0
1774522135,0,0,0,0
1774522136,0,0,0,0
1774522137,0,0,0,0
1774522138,0,0,0,0
1774522139,0,0,0,0
1774522140,0,0,0,0
1774522141,0,0,0,0
1774522142,0,0,0,0
1774522143,0,0,0,0
1774522144,0,0,0,0
1774522145,0,0,0,0
1774522146,0,0,0,0
1774522147,0,0,0,0
1774522148,0,0,0,0
1774522150,0,0,0,0
1774522151,0,0,0,0
1774522152,0,0,0,0
1774522153,0,0,0,0
1774522154,0,0,0,0
1774522155,0,0,0,0
1774522156,0,0,0,0
1774522157,0,0,0,0
1774522158,0,0,0,0
1774522159,0,0,0,0
1774522160,0,0,0,0
1774522161,0,0,0,0
1774522162,0,0,0,0
1774522163,0,0,0,0
1774522164,0,0,0,0
1774522165,0,0,0,0
1774522166,0,0,0,0
1774522167,0,0,0,0
1774522168,0,0,0,0
1774522169,0,0,0,0
1774522170,0,0,0,0
1774522171,0,0,0,0
1774522172,0,0,0,0
1774522173,0,0,0,0
1774522174,0,0,0,0
1774522175,0,0,0,0
1774522176,0,0,0,0
1774522177,0,0,0,0
1774522178,0,0,0,0
1774522179,0,0,0,0
1774522180,0,0,0,0
1774522181,0,0,0,0
1774522182,0,0,0,0
1774522183,0,0,0,0
1774522184,0,0,0,0
1774522185,0,0,0,0
1774522186,0,0,0,0
1774522187,0,0,0,0
1774522188,0,0,0,0
1774522189,0,0,0,0
1774522190,0,0,0,0
1774522191,0,0,0,0
1774522192,0,0,0,0
1774522193,0,0,0,0
1774522194,0,0,0,0
1774522195,0,0,0,0
1774522196,0,0,0,0
1774522197,0,0,0,0
1774522198,0,0,0,0
1774522199,0,0,0,0
1774522200,0,0,0,0
1774522201,0,0,0,0
1774522202,0,0,0,0
1774522203,0,0,0,0
1774522204,0,0,0,0
1774522205,0,0,0,0
1774522206,0,0,0,0
1774522207,0,0,0,0
1774522208,0,0,0,0
1774522209,0,0,0,0
1774522210,0,0,0,0
1774522211,0,0,0,0
1774522212,0,0,0,0
1774522213,0,0,0,0
1774522215,0,0,0,0
1774522216,0,0,0,0
1774522217,0,0,0,0
1774522218,0,0,0,0
1774522219,0,0,0,0
1774522220,0,0,0,0
1774522221,0,0,0,0
1774522222,0,0,0,0
1774522223,0,0,0,0
1774522224,0,0,0,0
1774522225,0,0,0,0
1774522226,0,0,0,0
1774522227,0,0,0,0
1774522228,0,0,0,0
1774522229,0,0,0,0
1774522230,0,0,0,0
1774522231,0,0,0,0
1774522232,0,0,0,0
1774522233,0,0,0,0
1774522234,0,0,0,0
1774522235,0,0,0,0
1774522236,0,0,0,0
1774522237,0,0,0,0
1774522238,0,0,0,0
1774522239,0,0,0,0
1774522240,0,0,0,0
1774522241,0,0,0,0
1774522242,0,0,0,0
1774522243,0,0,0,0
1774522244,0,0,0,0
1774522245,0,0,0,0
1774522246,0,0,0,0
1774522247,0,0,0,0
1774522248,0,0,0,0
1774522249,0,0,0,0
1774522250,0,0,0,0
1774522251,0,0,0,0
1774522252,0,0,0,0
1774522253,0,0,0,0
1774522254,0,0,0,0
1774522255,0,0,0,0
1774522256,0,0,0,0
1774522257,0,0,0,0
1774522258,0,0,0,0
1774522259,0,0,0,0
1774522260,0,0,0,0
1774522261,0,0,0,0
1774522262,0,0,0,0
1774522263,0,0,0,0
1774522264,0,0,0,0
1774522265,0,0,0,0
1774522266,0,0,0,0
1774522267,0,0,0,0
1774522268,0,0,0,0
1774522269,0,0,0,0
1774522270,0,0,0,0
1774522271,0,0,0,0
1774522272,0,0,0,0
1774522273,0,0,0,0
1774522274,0,0,0,0
1774522275,0,0,0,0
1774522276,0,0,0,0
1774522277,0,0,0,0
1774522278,0,0,0,0
1774522279,0,0,0,0
1774522281,0,0,0,0
1774522282,0,0,0,0
1774522283,0,0,0,0
1774522284,0,0,0,0
1774522285,0,0,0,0
1774522286,0,0,0,0
1774522287,0,0,0,0
1774522288,0,0,0,0
1774522289,0,0,0,0
1774522290,0,0,0,0
1774522291,0,0,0,0
1774522292,0,0,0,0
1774522293,0,0,0,0
1774522294,0,0,0,0
1774522295,0,0,0,0
1774522296,0,0,0,0
1774522297,0,0,0,0
1774522298,0,0,0,0
1774522299,0,0,0,0
1774522300,0,0,0,0
1774522301,0,0,0,0
1774522302,0,0,0,0
1774522303,0,0,0,0
1774522304,0,0,0,0
1774522305,0,0,0,0
1774522306,0,0,0,0
1774522307,0,0,0,0
1774522308,0,0,0,0
1774522309,0,0,0,0
1774522310,0,0,0,0
1774522311,0,0,0,0
1774522312,0,0,0,0
1774522313,0,0,0,0
1774522314,0,0,0,0
1774522315,0,0,0,0
1774522316,0,0,0,0
1774522317,0,0,0,0
1774522318,0,0,0,0
1774522319,0,0,0,0
1774522320,0,0,0,0
1774522321,0,0,0,0
1774522322,0,0,0,0
1774522323,0,0,0,0
1774522324,0,0,0,0
1774522325,0,0,0,0
1774522326,0,0,0,0
1774522327,0,0,0,0
1774522328,0,0,0,0
1774522329,0,0,0,0
1774522330,0,0,0,0
1774522331,0,0,0,0
1774522332,0,0,0,0
1774522333,0,0,0,0
1774522334,0,0,0,0
1774522335,0,0,0,0
1774522336,0,0,0,0
1774522337,0,0,0,0
1774522339,0,0,0,0
1774522340,0,0,0,0
1774522341,0,0,0,0
1774522342,0,0,0,0
1774522343,0,0,0,0
1774522344,0,0,0,0
1774522345,0,0,0,0
1774522346,0,0,0,0
1774522347,0,0,0,0
1774522348,0,0,0,0
1774522349,0,0,0,0
1774522350,0,0,0,0
1774522351,0,0,0,0
1774522352,0,0,0,0
1774522353,0,0,0,0
1774522354,0,0,0,0
1774522355,0,0,0,0
1774522356,0,0,0,0
1774522357,0,0,0,0
1774522358,0,0,0,0
1774522359,0,0,0,0
1774522360,0,0,0,0
1774522361,0,0,0,0
1774522362,0,0,0,0
1774522363,0,0,0,0
1774522364,0,0,0,0
1774522365,0,0,0,0
1774522366,0,0,0,0
1774522367,0,0,0,0
1774522368,0,0,0,0
1774522369,0,0,0,0
1774522370,0,0,0,0
1774522371,0,0,0,0
1774522372,0,0,0,0
1774522373,0,0,0,0
1774522374,0,0,0,0
1774522375,0,0,0,0
1774522376,0,0,0,0
1774522377,0,0,0,0
1774522378,0,0,0,0
1774522379,0,0,0,0
1774522380,0,0,0,0
1774522381,0,0,0,0
1774522382,0,0,0,0
1774522383,0,0,0,0
1774522384,0,0,0,0
1774522385,0,0,0,0
1774522386,0,0,0,0
1774522387,0,0,0,0
1774522388,0,0,0,0
1774522389,0,0,0,0
1774522390,0,0,0,0
1774522391,0,0,0,0
1774522392,0,0,0,0
1774522393,0,0,0,0
1774522394,0,0,0,0
1774522395,0,0,0,0
1774522397,0,0,0,0
1774522398,0,0,0,0
1774522399,0,0,0,0
1774522400,0,0,0,0
1774522401,0,0,0,0
1774522402,0,0,0,0
1774522403,0,0,0,0
1774522404,0,0,0,0
1774522405,0,0,0,0
1774522406,0,0,0,0
1774522407,0,0,0,0
1774522408,0,0,0,0
1774522409,0,0,0,0
1774522410,0,0,0,0
1774522411,0,0,0,0
1774522412,0,0,0,0
1774522413,0,0,0,0
1774522414,0,0,0,0
1774522415,0,0,0,0
1774522416,0,0,0,0
1774522417,0,0,0,0
1774522418,0,0,0,0
1774522419,0,0,0,0
1774522420,0,0,0,0
1774522421,0,0,0,0
1774522422,0,0,0,0
1774522423,0,0,0,0
1774522424,0,0,0,0
1774522425,0,0,0,0
1774522426,0,0,0,0
1774522427,0,0,0,0
1774522428,0,0,0,0
1774522429,0,0,0,0
1774522430,0,0,0,0
1774522431,0,0,0,0
1774522432,0,0,0,0
1774522433,0,0,0,0
1774522434,0,0,0,0
1774522435,0,0,0,0
1774522436,0,0,0,0
1774522437,0,0,0,0
1774522438,0,0,0,0
1774522439,0,0,0,0
1774522440,0,0,0,0
1774522441,0,0,0,0
1774522442,0,0,0,0
1774522443,0,0,0,0
1774522444,0,0,0,0
1774522445,0,0,0,0
1774522446,0,0,0,0
1774522447,0,0,0,0
1774522448,0,0,0,0
1774522449,0,0,0,0
1774522450,0,0,0,0
1774522451,0,0,0,0
1774522452,0,0,0,0
1774522453,0,0,0,0
1774522454,0,0,0,0
1774522455,0,0,0,0
1774522456,0,0,0,0
1774522457,0,0,0,0
1774522459,0,0,0,0
1774522460,0,0,0,0
1774522461,0,0,0,0
1774522462,0,0,0,0
1774522463,0,0,0,0
1774522464,0,0,0,0
1774522465,0,0,0,0
1774522466,0,0,0,0
1774522467,0,0,0,0
1774522468,0,0,0,0
1774522469,0,0,0,0
1774522470,0,0,0,0
1774522471,0,0,0,0
1774522472,0,0,0,0
1774522473,0,0,0,0
1774522474,0,0,0,0
1774522475,0,0,0,0
1774522476,0,0,0,0
1774522477,0,0,0,0
1774522478,0,0,0,0
1774522479,0,0,0,0
1774522480,0,0,0,0
1774522481,0,0,0,0
1774522482,0,0,0,0
1774522483,0,0,0,0
1774522484,0,0,0,0
1774522485,0,0,0,0
1774522486,0,0,0,0
1774522487,0,0,0,0
1774522488,0,0,0,0
1774522489,0,0,0,0
1774522490,0,0,0,0
1774522491,0,0,0,0
1774522492,0,0,0,0
1774522493,0,0,0,0
1774522494,0,0,0,0
1774522495,0,0,0,0
1774522496,0,0,0,0
1774522497,0,0,0,0
1774522498,0,0,0,0
1774522499,0,0,0,0
1774522500,0,0,0,0
1774522501,0,0,0,0
1774522502,0,0,0,0
1774522503,0,0,0,0
1774522504,0,0,0,0
1774522505,0,0,0,0
1774522506,0,0,0,0
1774522507,0,0,0,0
1774522508,0,0,0,0
1774522509,0,0,0,0
1774522510,0,0,0,0
1774522511,0,0,0,0
1774522512,0,0,0,0
1774522514,0,0,0,0
1774522515,0,0,0,0
1774522516,0,0,0,0
1774522517,0,0,0,0
1774522518,0,0,0,0
1774522519,0,0,0,0
1774522520,0,0,0,0
1774522521,0,0,0,0
1774522522,0,0,0,0
1774522523,0,0,0,0
1774522524,0,0,0,0
1774522525,0,0,0,0
1774522526,0,0,0,0
1774522527,0,0,0,0
1774522528,0,0,0,0
1774522529,0,0,0,0
1774522530,0,0,0,0
1774522531,0,0,0,0
1774522532,0,0,0,0
1774522533,0,0,0,0
1774522534,0,0,0,0
1774522535,0,0,0,0
1774522536,0,0,0,0
1774522537,0,0,0,0
1774522538,0,0,0,0
1774522539,0,0,0,0
1774522540,0,0,0,0
1774522541,0,0,0,0
1774522542,0,0,0,0
1774522543,0,0,0,0
1774522544,0,0,0,0
1774522545,0,0,0,0
1774522546,0,0,0,0
1774522547,0,0,0,0
1774522548,0,0,0,0
1774522549,0,0,0,0
1774522550,0,0,0,0
1774522551,0,0,0,0
1774522552,0,0,0,0
1774522553,0,0,0,0
1774522554,0,0,0,0
1774522555,0,0,0,0
1774522556,0,0,0,0
1774522557,0,0,0,0
1774522558,0,0,0,0
1774522559,0,0,0,0
1774522560,0,0,0,0
1774522561,0,0,0,0
1774522562,0,0,0,0
1774522563,0,0,0,0
1774522564,0,0,0,0
1774522565,0,0,0,0
1774522566,0,0,0,0
1774522567,0,0,0,0
1774522568,0,0,0,0
1774522569,0,0,0,0
1774522570,0,0,0,0
1774522572,0,0,0,0
1774522573,0,0,0,0
1774522574,0,0,0,0
1774522575,0,0,0,0
1774522576,0,0,0,0
1774522577,0,0,0,0
1774522578,0,0,0,0
1774522579,0,0,0,0
1774522580,0,0,0,0
1774522581,0,0,0,0
1774522582,0,0,0,0
1774522583,0,0,0,0
1774522584,0,0,0,0
1774522585,0,0,0,0
1774522586,0,0,0,0
1774522587,0,0,0,0
1774522588,0,0,0,0
1774522589,0,0,0,0
1774522590,0,0,0,0
1774522591,0,0,0,0
1774522592,0,0,0,0
1774522593,0,0,0,0
1774522594,0,0,0,0
1774522595,0,0,0,0
1774522596,0,0,0,0
1774522597,0,0,0,0
1774522598,0,0,0,0
1774522599,0,0,0,0
1774522600,0,0,0,0
1774522601,0,0,0,0
1774522602,0,0,0,0
1774522603,0,0,0,0
1774522604,0,0,0,0
1774522605,0,0,0,0
1774522606,0,0,0,0
1774522607,0,0,0,0
1774522608,0,0,0,0
1774522609,0,0,0,0
1774522610,0,0,0,0
1774522611,0,0,0,0
1774522612,0,0,0,0
1774522613,0,0,0,0
1774522614,0,0,0,0
1774522615,0,0,0,0
1774522616,0,0,0,0
1774522617,0,0,0,0
1774522618,0,0,0,0
1774522619,0,0,0,0
1774522620,0,0,0,0
1774522621,0,0,0,0
1774522622,0,0,0,0
1774522623,0,0,0,0
1774522624,0,0,0,0
1774522625,0,0,0,0
1774522626,0,0,0,0
1774522627,0,0,0,0
1774522628,0,0,0,0
1774522629,0,0,0,0
1774522630,0,0,0,0
1774522631,0,0,0,0
1774522632,0,0,0,0
1774522633,0,0,0,0
1774522634,0,0,0,0
1774522636,0,0,0,0
1774522637,0,0,0,0
1774522638,0,0,0,0
1774522639,0,0,0,0
1774522640,0,0,0,0
1774522641,0,0,0,0
1774522642,0,0,0,0
1774522643,0,0,0,0
1774522644,0,0,0,0
1774522645,0,0,0,0
1774522646,0,0,0,0
1774522647,0,0,0,0
1774522648,0,0,0,0
1774522649,0,0,0,0
1774522650,0,0,0,0
1774522651,0,0,0,0
1774522652,0,0,0,0
1774522653,0,0,0,0
1774522654,0,0,0,0
1774522655,0,0,0,0
1774522656,0,0,0,0
1774522657,0,0,0,0
1774522658,0,0,0,0
1774522659,0,0,0,0
1774522660,0,0,0,0
1774522661,0,0,0,0
1774522662,0,0,0,0
1774522663,0,0,0,0
1774522664,0,0,0,0
1774522665,0,0,0,0
1774522666,0,0,0,0
1774522667,0,0,0,0
1774522668,0,0,0,0
1774522669,0,0,0,0
1774522670,0,0,0,0
1774522671,0,0,0,0
1774522672,0,0,0,0
1774522673,0,0,0,0
1774522674,0,0,0,0
1774522675,0,0,0,0
1774522676,0,0,0,0
1774522677,0,0,0,0
1774522678,0,0,0,0
1774522679,0,0,0,0
1774522680,0,0,0,0
1774522681,0,0,0,0
1774522682,0,0,0,0
1774522683,0,0,0,0
1774522684,0,0,0,0
1774522685,0,0,0,0
1774522686,0,0,0,0
1774522687,0,0,0,0
1774522688,0,0,0,0
1774522689,0,0,0,0
1774522690,0,0,0,0
1774522691,0,0,0,0
1774522692,0,0,0,0
1774522693,0,0,0,0
1774522694,0,0,0,0
1774522695,0,0,0,0
1774522696,0,0,0,0
1774522697,0,0,0,0
1774522698,0,0,0,0
1774522699,0,0,0,0
1774522700,0,0,0,0
1774522701,0,0,0,0
1774522702,0,0,0,0
1774522704,0,0,0,0
1774522705,0,0,0,0
1774522706,0,0,0,0
1774522707,0,0,0,0
1774522708,0,0,0,0
1774522709,0,0,0,0
1774522710,0,0,0,0
1774522711,0,0,0,0
1774522712,0,0,0,0
1774522713,0,0,0,0
1774522714,0,0,0,0
1774522715,0,0,0,0
1774522716,0,0,0,0
1774522717,0,0,0,0
1774522718,0,0,0,0
1774522719,0,0,0,0
1774522720,0,0,0,0
1774522721,0,0,0,0
1774522722,0,0,0,0
1774522723,0,0,0,0
1774522724,0,0,0,0
1774522725,0,0,0,0
1774522726,0,0,0,0
1774522727,0,0,0,0
1774522728,0,0,0,0
1774522729,0,0,0,0
1774522730,0,0,0,0
1774522731,0,0,0,0
1774522732,0,0,0,0
1774522733,0,0,0,0
1774522734,0,0,0,0
1774522735,0,0,0,0
1774522736,0,0,0,0
1774522737,0,0,0,0
1774522738,0,0,0,0
1774522739,0,0,0,0
1774522740,0,0,0,0
1774522741,0,0,0,0
1774522742,0,0,0,0
1774522743,0,0,0,0
1774522744,0,0,0,0
1774522745,0,0,0,0
1774522746,0,0,0,0
1774522747,0,0,0,0
1774522748,0,0,0,0
1774522749,0,0,0,0
1774522750,0,0,0,0
1774522751,0,0,0,0
1774522752,0,0,0,0
1774522753,0,0,0,0
1774522754,0,0,0,0
1774522755,0,0,0,0
1774522756,0,0,0,0
1774522757,0,0,0,0
1774522758,0,0,0,0
1774522759,0,0,0,0
1774522760,0,0,0,0
1774522761,0,0,0,0
1774522762,0,0,0,0
1774522763,0,0,0,0
1774522764,0,0,0,0
1774522765,0,0,0,0
1774522766,0,0,0,0
1774522767,0,0,0,0
1774522769,0,0,0,0
1774522770,0,0,0,0
1774522771,0,0,0,0
1774522772,0,0,0,0
1774522773,0,0,0,0
1774522774,0,0,0,0
1774522775,0,0,0,0
1774522776,0,0,0,0
1774522777,0,0,0,0
1774522778,0,0,0,0
1774522779,0,0,0,0
1774522780,0,0,0,0
1774522781,0,0,0,0
1774522782,0,0,0,0
1774522783,0,0,0,0
1774522784,0,0,0,0
1774522785,0,0,0,0
1774522786,0,0,0,0
1774522787,0,0,0,0
1774522788,0,0,0,0
1774522789,0,0,0,0
1774522790,0,0,0,0
1774522791,0,0,0,0
1774522792,0,0,0,0
1774522793,0,0,0,0
1774522794,0,0,0,0
1774522795,0,0,0,0
1774522796,0,0,0,0
1774522797,0,0,0,0
1774522798,0,0,0,0
1774522799,0,0,0,0
1774522800,0,0,0,0
1774522801,0,0,0,0
1774522802,0,0,0,0
1774522803,0,0,0,0
1774522804,0,0,0,0
1774522805,0,0,0,0
1774522806,0,0,0,0
1774522807,0,0,0,0
1774522808,0,0,0,0
1774522809,0,0,0,0
1774522810,0,0,0,0
1774522811,0,0,0,0
1774522812,0,0,0,0
1774522813,0,0,0,0
1774522814,0,0,0,0
1774522815,0,0,0,0
1774522816,0,0,0,0
1774522817,0,0,0,0
1774522818,0,0,0,0
1774522819,0,0,0,0
1774522820,0,0,0,0
1774522821,0,0,0,0
1774522822,0,0,0,0
1774522823,0,0,0,0
1774522824,0,0,0,0
1774522825,0,0,0,0
1774522826,0,0,0,0
1774522827,0,0,0,0
1774522828,0,0,0,0
1774522829,0,0,0,0
1774522830,0,0,0,0
1774522831,0,0,0,0
1774522832,0,0,0,0
1774522833,0,0,0,0
1774522834,0,0,0,0
1774522835,0,0,0,0
1774522836,0,0,0,0
1774522837,0,0,0,0
1774522838,0,0,0,0
1774522839,0,0,0,0
1774522840,0,0,0,0
1774522841,0,0,0,0
1774522842,0,0,0,0
1774522843,0,0,0,0
1774522844,0,0,0,0
1774522845,0,0,0,0
1774522846,0,0,0,0
1774522847,0,0,0,0
1774522848,0,0,0,0
1774522849,0,0,0,0
1774522850,0,0,0,0
1774522852,0,0,0,0
1774522853,0,0,0,0
1774522854,0,0,0,0
1774522855,0,0,0,0
1774522856,0,0,0,0
1774522857,0,0,0,0
1774522858,0,0,0,0
1774522859,0,0,0,0
1774522860,0,0,0,0
1774522861,0,0,0,0
1774522862,0,0,0,0
1774522863,0,0,0,0
1774522864,0,0,0,0
1774522865,0,0,0,0
1774522866,0,0,0,0
1774522867,0,0,0,0
1774522868,0,0,0,0
1774522869,0,0,0,0
1774522870,0,0,0,0
1774522871,0,0,0,0
1774522872,0,0,0,0
1774522873,0,0,0,0
1774522874,0,0,0,0
1774522875,0,0,0,0
1774522876,0,0,0,0
1774522877,0,0,0,0
1774522878,0,0,0,0
1774522879,0,0,0,0
1774522880,0,0,0,0
1774522881,0,0,0,0
1774522882,0,0,0,0
1774522883,0,0,0,0
1774522884,0,0,0,0
1774522885,0,0,0,0
1774522886,0,0,0,0
1774522887,0,0,0,0
1774522888,0,0,0,0
1774522889,0,0,0,0
1774522890,0,0,0,0
1774522891,0,0,0,0
1774522892,0,0,0,0
1774522893,0,0,0,0
1774522894,0,0,0,0
1774522895,0,0,0,0
1774522896,0,0,0,0
1774522897,0,0,0,0
1774522898,0,0,0,0
1774522899,0,0,0,0
1774522900,0,0,0,0
1774522901,0,0,0,0
1774522902,0,0,0,0
1774522903,0,0,0,0
1774522904,0,0,0,0
1774522905,0,0,0,0
1774522906,0,0,0,0
1774522907,0,0,0,0
1774522908,0,0,0,0
1774522909,0,0,0,0
1774522910,0,0,0,0
1774522911,0,0,0,0
1774522912,0,0,0,0
1774522913,0,0,0,0
1774522914,0,0,0,0
1774522915,0,0,0,0
1774522916,0,0,0,0
1774522917,0,0,0,0
1774522918,0,0,0,0
1774522919,0,0,0,0
1774522920,0,0,0,0
1774522921,0,0,0,0
1774522922,0,0,0,0
1774522923,0,0,0,0
1774522924,0,0,0,0
1774522926,0,0,0,0
1774522927,0,0,0,0
1774522928,0,0,0,0
1774522929,0,0,0,0
1774522930,0,0,0,0
1774522931,0,0,0,0
1774522932,0,0,0,0
1774522933,0,0,0,0
1774522934,0,0,0,0
1774522935,0,0,0,0
1774522936,0,0,0,0
1774522937,0,0,0,0
1774522938,0,0,0,0
1774522939,0,0,0,0
1774522940,0,0,0,0
1774522941,0,0,0,0
1774522942,0,0,0,0
1774522943,0,0,0,0
1774522944,0,0,0,0
1774522945,0,0,0,0
1774522946,0,0,0,0
1774522947,0,0,0,0
1774522948,0,0,0,0
1774522949,0,0,0,0
1774522950,0,0,0,0
1774522951,0,0,0,0
1774522952,0,0,0,0
1774522953,0,0,0,0
1774522954,0,0,0,0
1774522955,0,0,0,0
1774522956,0,0,0,0
1774522957,0,0,0,0
1774522958,0,0,0,0
1774522959,0,0,0,0
1774522960,0,0,0,0
1774522961,0,0,0,0
1774522962,0,0,0,0
1774522963,0,0,0,0
1774522964,0,0,0,0
1774522965,0,0,0,0
1774522966,0,0,0,0
1774522967,0,0,0,0
1774522968,0,0,0,0
1774522969,0,0,0,0
1774522970,0,0,0,0
1774522971,0,0,0,0
1774522972,0,0,0,0
1774522973,0,0,0,0
1774522974,0,0,0,0
1774522975,0,0,0,0
1774522976,0,0,0,0
1774522977,0,0,0,0
1774522978,0,0,0,0
1774522979,0,0,0,0
1774522980,0,0,0,0
1774522981,0,0,0,0
1774522982,0,0,0,0
1774522983,0,0,0,0
1774522984,0,0,0,0
1774522985,0,0,0,0
1774522986,0,0,0,0
1774522987,0,0,0,0
1774522988,0,0,0,0
1774522989,0,0,0,0
1774522990,0,0,0,0
1774522991,0,0,0,0
1774522992,0,0,0,0
1774522993,0,0,0,0
1774522994,0,0,0,0
1774522995,0,0,0,0
1774522996,0,0,0,0
1774522997,0,0,0,0
1774522998,0,0,0,0
1774523000,0,0,0,0
1774523001,0,0,0,0
1774523002,0,0,0,0
1774523003,0,0,0,0
1774523004,0,0,0,0
1774523005,0,0,0,0
1774523006,0,0,0,0
1774523007,0,0,0,0
1774523008,0,0,0,0
1774523009,0,0,0,0
1774523010,0,0,0,0
1774523011,0,0,0,0
1774523012,0,0,0,0
1774523013,0,0,0,0
1774523014,0,0,0,0
1774523015,0,0,0,0
1774523016,0,0,0,0
1774523017,0,0,0,0
1774523018,0,0,0,0
1774523019,0,0,0,0
1774523020,0,0,0,0
1774523021,0,0,0,0
1774523022,0,0,0,0
1774523023,0,0,0,0
1774523024,0,0,0,0
1774523025,0,0,0,0
1774523026,0,0,0,0
1774523027,0,0,0,0
1774523028,0,0,0,0
1774523029,0,0,0,0
1774523030,0,0,0,0
1774523031,0,0,0,0
1774523032,0,0,0,0
1774523033,0,0,0,0
1774523034,0,0,0,0
1774523035,0,0,0,0
1774523036,0,0,0,0
1774523037,0,0,0,0
1774523038,0,0,0,0
1774523039,0,0,0,0
1774523040,0,0,0,0
1774523041,0,0,0,0
1774523042,0,0,0,0
1774523043,0,0,0,0
1774523044,0,0,0,0
1774523045,0,0,0,0
1774523046,0,0,0,0
1774523047,0,0,0,0
1774523048,0,0,0,0
1774523049,0,0,0,0
1774523050,0,0,0,0
1774523051,0,0,0,0
1774523052,0,0,0,0
1774523053,0,0,0,0
1774523054,0,0,0,0
1774523055,0,0,0,0
1774523056,0,0,0,0
1774523057,0,0,0,0
1774523058,0,0,0,0
1774523059,0,0,0,0
1774523060,0,0,0,0
1774523061,0,0,0,0
1774523062,0,0,0,0
1774523063,0,0,0,0
1774523064,0,0,0,0
1774523065,0,0,0,0
1774523066,0,0,0,0
1774523068,0,0,0,0
1774523069,0,0,0,0
1774523070,0,0,0,0
1774523071,0,0,0,0
1774523072,0,0,0,0
1774523073,0,0,0,0
1774523074,0,0,0,0
1774523075,0,0,0,0
1774523076,0,0,0,0
1774523077,0,0,0,0
1774523078,0,0,0,0
1774523079,0,0,0,0
1774523080,0,0,0,0
1774523081,0,0,0,0
1774523082,0,0,0,0
1774523083,0,0,0,0
1774523084,0,0,0,0
1774523085,0,0,0,0
1774523086,0,0,0,0
1774523087,0,0,0,0
1774523088,0,0,0,0
1774523089,0,0,0,0
1774523090,0,0,0,0
1774523091,0,0,0,0
1774523092,0,0,0,0
1774523093,0,0,0,0
1774523094,0,0,0,0
1774523095,0,0,0,0
1774523096,0,0,0,0
1774523097,0,0,0,0
1774523098,0,0,0,0
1774523099,0,0,0,0
1774523100,0,0,0,0
1774523101,0,0,0,0
1774523102,0,0,0,0
1774523103,0,0,0,0
1774523104,0,0,0,0
1774523105,0,0,0,0
1774523106,0,0,0,0
1774523107,0,0,0,0
1774523108,0,0,0,0
1774523109,0,0,0,0
1774523110,0,0,0,0
1774523111,0,0,0,0
1774523112,0,0,0,0
1774523113,0,0,0,0
1774523114,0,0,0,0
1774523115,0,0,0,0
1774523116,0,0,0,0
1774523117,0,0,0,0
1774523118,0,0,0,0
1774523119,0,0,0,0
1774523120,0,0,0,0
1774523121,0,0,0,0
1774523122,0,0,0,0
1774523123,0,0,0,0
1774523124,0,0,0,0
1774523125,0,0,0,0
1774523126,0,0,0,0
1774523127,0,0,0,0
1774523128,0,0,0,0
1774523130,0,0,0,0
1774523131,0,0,0,0
1774523132,0,0,0,0
1774523133,0,0,0,0
1774523134,0,0,0,0
1774523135,0,0,0,0
1774523136,0,0,0,0
1774523137,0,0,0,0
1774523138,0,0,0,0
1774523139,0,0,0,0
1774523140,0,0,0,0
1774523141,0,0,0,0
1774523142,0,0,0,0
1774523143,0,0,0,0
1774523144,0,0,0,0
1774523145,0,0,0,0
1774523146,0,0,0,0
1774523147,0,0,0,0
1774523148,0,0,0,0
1774523149,0,0,0,0
1774523150,0,0,0,0
1774523151,0,0,0,0
1774523152,0,0,0,0
1774523153,0,0,0,0
1774523154,0,0,0,0
1774523155,0,0,0,0
1774523156,0,0,0,0
1774523157,0,0,0,0
1774523158,0,0,0,0
1774523159,0,0,0,0
1774523160,0,0,0,0
1774523161,0,0,0,0
1774523162,0,0,0,0
1774523163,0,0,0,0
1774523164,0,0,0,0
1774523165,0,0,0,0
1774523166,0,0,0,0
1774523167,0,0,0,0
1774523168,0,0,0,0
1774523169,0,0,0,0
1774523170,0,0,0,0
1774523171,0,0,0,0
1774523172,0,0,0,0
1774523173,0,0,0,0
1774523174,0,0,0,0
1774523175,0,0,0,0
1774523176,0,0,0,0
1774523177,0,0,0,0
1774523178,0,0,0,0
1774523179,0,0,0,0
1774523180,0,0,0,0
1774523181,0,0,0,0
1774523182,0,0,0,0
1774523183,0,0,0,0
1774523184,0,0,0,0
1774523185,0,0,0,0
1774523186,0,0,0,0
1774523187,0,0,0,0
1774523188,0,0,0,0
1774523190,0,0,0,0
1774523191,0,0,0,0
1774523192,0,0,0,0
1774523193,0,0,0,0
1774523194,0,0,0,0
1774523195,0,0,0,0
1774523196,0,0,0,0
1774523197,0,0,0,0
1774523198,0,0,0,0
1774523199,0,0,0,0
1774523200,0,0,0,0
1774523201,0,0,0,0
1774523202,0,0,0,0
1774523203,0,0,0,0
1774523204,0,0,0,0
1774523205,0,0,0,0
1774523206,0,0,0,0
1774523207,0,0,0,0
1774523208,0,0,0,0
1774523209,0,0,0,0
1774523210,0,0,0,0
1774523211,0,0,0,0
1774523212,0,0,0,0
1774523213,0,0,0,0
1774523214,0,0,0,0
1774523215,0,0,0,0
1774523216,0,0,0,0
1774523217,0,0,0,0
1774523218,0,0,0,0
1774523219,0,0,0,0
1774523220,0,0,0,0
1774523221,0,0,0,0
1774523222,0,0,0,0
1774523223,0,0,0,0
1774523224,0,0,0,0
1774523225,0,0,0,0
1774523226,0,0,0,0
1774523227,0,0,0,0
1774523228,0,0,0,0
1774523229,0,0,0,0
1774523230,0,0,0,0
1774523231,0,0,0,0
1774523232,0,0,0,0
1774523233,0,0,0,0
1774523234,0,0,0,0
1774523235,0,0,0,0
1774523236,0,0,0,0
1774523237,0,0,0,0
1774523238,0,0,0,0
1774523239,0,0,0,0
1774523240,0,0,0,0
1774523241,0,0,0,0
1774523242,0,0,0,0
1774523243,0,0,0,0
1774523244,0,0,0,0
1774523245,0,0,0,0
1774523246,0,0,0,0
1774523247,0,0,0,0
1774523248,0,0,0,0
1774523249,0,0,0,0
1774523250,0,0,0,0
1774523252,0,0,0,0
1774523253,0,0,0,0
1774523254,0,0,0,0
1774523255,0,0,0,0
1774523256,0,0,0,0
1774523257,0,0,0,0
1774523258,0,0,0,0
1774523259,0,0,0,0
1774523260,0,0,0,0
1774523261,0,0,0,0
1774523262,0,0,0,0
1774523263,0,0,0,0
1774523264,0,0,0,0
1774523265,0,0,0,0
1774523266,0,0,0,0
1774523267,0,0,0,0
1774523268,0,0,0,0
1774523269,0,0,0,0
1774523270,0,0,0,0
1774523271,0,0,0,0
1774523272,0,0,0,0
1774523273,0,0,0,0
1774523274,0,0,0,0
1774523275,0,0,0,0
1774523276,0,0,0,0
1774523277,0,0,0,0
1774523278,0,0,0,0
1774523279,0,0,0,0
1774523280,0,0,0,0
1774523281,0,0,0,0
1774523282,0,0,0,0
1774523283,0,0,0,0
1774523284,0,0,0,0
1774523285,0,0,0,0
1774523286,0,0,0,0
1774523287,0,0,0,0
1774523288,0,0,0,0
1774523289,0,0,0,0
1774523290,0,0,0,0
1774523291,0,0,0,0
1774523292,0,0,0,0
1774523293,0,0,0,0
1774523294,0,0,0,0
1774523295,0,0,0,0
1774523296,0,0,0,0
1774523297,0,0,0,0
1774523298,0,0,0,0
1774523299,0,0,0,0
1774523300,0,0,0,0
1774523301,0,0,0,0
1774523302,0,0,0,0
1774523303,0,0,0,0
1774523304,0,0,0,0
1774523305,0,0,0,0
1774523306,0,0,0,0
1774523307,0,0,0,0
1774523308,0,0,0,0
1774523309,0,0,0,0
1774523310,0,0,0,0
1774523311,0,0,0,0
1774523312,0,0,0,0
1774523313,0,0,0,0
1774523314,0,0,0,0
1774523316,0,0,0,0
1774523317,0,0,0,0
1774523318,0,0,0,0
1774523319,0,0,0,0
1774523320,0,0,0,0
1774523321,0,0,0,0
1774523322,0,0,0,0
1774523323,0,0,0,0
1774523324,0,0,0,0
1774523325,0,0,0,0
1774523326,0,0,0,0
1774523327,0,0,0,0
1774523328,0,0,0,0
1774523329,0,0,0,0
1774523330,0,0,0,0
1774523331,0,0,0,0
1774523332,0,0,0,0
1774523333,0,0,0,0
1774523334,0,0,0,0
1774523335,0,0,0,0
1774523336,0,0,0,0
1774523337,0,0,0,0
1774523338,0,0,0,0
1774523339,0,0,0,0
1774523340,0,0,0,0
1774523341,0,0,0,0
1774523342,0,0,0,0
1774523343,0,0,0,0
1774523344,0,0,0,0
1774523345,0,0,0,0
1774523346,0,0,0,0
1774523347,0,0,0,0
1774523348,0,0,0,0
1774523349,0,0,0,0
1774523350,0,0,0,0
1774523351,0,0,0,0
1774523352,0,0,0,0
1774523353,0,0,0,0
1774523354,0,0,0,0
1774523355,0,0,0,0
1774523356,0,0,0,0
1774523357,0,0,0,0
1774523358,0,0,0,0
1774523359,0,0,0,0
1774523360,0,0,0,0
1774523361,0,0,0,0
1774523362,0,0,0,0
1774523363,0,0,0,0
1774523364,0,0,0,0
1774523365,0,0,0,0
1774523366,0,0,0,0
1774523367,0,0,0,0
1774523368,0,0,0,0
1774523369,0,0,0,0
1774523370,0,0,0,0
1774523371,0,0,0,0
1774523372,0,0,0,0
1774523373,0,0,0,0
1774523374,0,0,0,0
1774523375,0,0,0,0
1774523376,0,0,0,0
1774523377,0,0,0,0
1774523378,0,0,0,0
1774523379,0,0,0,0
1774523381,0,0,0,0
1774523382,0,0,0,0
1774523383,0,0,0,0
1774523384,0,0,0,0
1774523385,0,0,0,0
1774523386,0,0,0,0
1774523387,0,0,0,0
1774523388,0,0,0,0
1774523389,0,0,0,0
1774523390,0,0,0,0
1774523391,0,0,0,0
1774523392,0,0,0,0
1774523393,0,0,0,0
1774523394,0,0,0,0
1774523395,0,0,0,0
1774523396,0,0,0,0
1774523397,0,0,0,0
1774523398,0,0,0,0
1774523399,0,0,0,0
1774523400,0,0,0,0
1774523401,0,0,0,0
1774523402,0,0,0,0
1774523403,0,0,0,0
1774523404,0,0,0,0
1774523405,0,0,0,0
1774523406,0,0,0,0
1774523407,0,0,0,0
1774523408,0,0,0,0
1774523409,0,0,0,0
1774523410,0,0,0,0
1774523411,0,0,0,0
1774523412,0,0,0,0
1774523413,0,0,0,0
1774523414,0,0,0,0
1774523415,0,0,0,0
1774523416,0,0,0,0
1774523417,0,0,0,0
1774523418,0,0,0,0
1774523419,0,0,0,0
1774523420,0,0,0,0
1774523421,0,0,0,0
1774523422,0,0,0,0
1774523423,0,0,0,0
1774523424,0,0,0,0
1774523425,0,0,0,0
1774523426,0,0,0,0
1774523427,0,0,0,0
1774523428,0,0,0,0
1774523429,0,0,0,0
1774523430,0,0,0,0
1774523431,0,0,0,0
1774523432,0,0,0,0
1774523433,0,0,0,0
1774523434,0,0,0,0
1774523435,0,0,0,0
1774523436,0,0,0,0
1774523437,0,0,0,0
1774523438,0,0,0,0
1774523440,0,0,0,0
1774523441,0,0,0,0
1774523442,0,0,0,0
1774523443,0,0,0,0
1774523444,0,0,0,0
1774523445,0,0,0,0
1774523446,0,0,0,0
1774523447,0,0,0,0
1774523448,0,0,0,0
1774523449,0,0,0,0
1774523450,0,0,0,0
1774523451,0,0,0,0
1774523452,0,0,0,0
1774523453,0,0,0,0
1774523454,0,0,0,0
1774523455,0,0,0,0
1774523456,0,0,0,0
1774523457,0,0,0,0
1774523458,0,0,0,0
1774523459,0,0,0,0
1774523460,0,0,0,0
1774523461,0,0,0,0
1774523462,0,0,0,0
1774523463,0,0,0,0
1774523464,0,0,0,0
1774523465,0,0,0,0
1774523466,0,0,0,0
1774523467,0,0,0,0
1774523468,0,0,0,0
1774523469,0,0,0,0
1774523470,0,0,0,0
1774523471,0,0,0,0
1774523472,0,0,0,0
1774523473,0,0,0,0
1774523474,0,0,0,0
1774523475,0,0,0,0
1774523476,0,0,0,0
1774523477,0,0,0,0
1774523478,0,0,0,0
1774523479,0,0,0,0
1774523480,0,0,0,0
1774523481,0,0,0,0
1774523482,0,0,0,0
1774523483,0,0,0,0
1774523484,0,0,0,0
1774523485,0,0,0,0
1774523486,0,0,0,0
1774523487,0,0,0,0
1774523488,0,0,0,0
1774523489,0,0,0,0
1774523490,0,0,0,0
1774523491,0,0,0,0
1774523492,0,0,0,0
1774523493,0,0,0,0
1774523494,0,0,0,0
1774523495,0,0,0,0
1774523496,0,0,0,0
1774523498,0,0,0,0
1774523499,0,0,0,0
1774523500,0,0,0,0
1774523501,0,0,0,0
1774523502,0,0,0,0
1774523503,0,0,0,0
1774523504,0,0,0,0
1774523505,0,0,0,0
1774523506,0,0,0,0
1774523507,0,0,0,0
1774523508,0,0,0,0
1774523509,0,0,0,0
1774523510,0,0,0,0
1774523511,0,0,0,0
1774523512,0,0,0,0
1774523513,0,0,0,0
1774523514,0,0,0,0
1774523515,0,0,0,0
1774523516,0,0,0,0
1774523517,0,0,0,0
1774523518,0,0,0,0
1774523519,0,0,0,0
1774523520,0,0,0,0
1774523521,0,0,0,0
1774523522,0,0,0,0
1774523523,0,0,0,0
1774523524,0,0,0,0
1774523525,0,0,0,0
1774523526,0,0,0,0
1774523527,0,0,0,0
1774523528,0,0,0,0
1774523529,0,0,0,0
1774523530,0,0,0,0
1774523531,0,0,0,0
1774523532,0,0,0,0
1774523533,0,0,0,0
1774523534,0,0,0,0
1774523535,0,0,0,0
1774523536,0,0,0,0
1774523537,0,0,0,0
1774523538,0,0,0,0
1774523539,0,0,0,0
1774523540,0,0,0,0
1774523541,0,0,0,0
1774523542,0,0,0,0
1774523543,0,0,0,0
1774523544,0,0,0,0
1774523545,0,0,0,0
1774523546,0,0,0,0
1774523547,0,0,0,0
1774523548,0,0,0,0
1774523549,0,0,0,0
1774523550,0,0,0,0
1774523551,0,0,0,0
1774523552,0,0,0,0
1774523553,0,0,0,0
1774523554,0,0,0,0
1774523555,0,0,0,0
1774523556,0,0,0,0
1774523557,0,0,0,0
1774523558,0,0,0,0
1774523559,0,0,0,0
1774523561,0,0,0,0
1774523562,0,0,0,0
1774523563,0,0,0,0
1774523564,0,0,0,0
1774523565,0,0,0,0
1774523566,0,0,0,0
1774523567,0,0,0,0
1774523568,0,0,0,0
1774523569,0,0,0,0
1774523570,0,0,0,0
1774523571,0,0,0,0
1774523572,0,0,0,0
1774523573,0,0,0,0
1774523574,0,0,0,0
1774523575,0,0,0,0
1774523576,0,0,0,0
1774523577,0,0,0,0
1774523578,0,0,0,0
1774523579,0,0,0,0
1774523580,0,0,0,0
1774523581,0,0,0,0
1774523582,0,0,0,0
1774523583,0,0,0,0
1774523584,0,0,0,0
1774523585,0,0,0,0
1774523586,0,0,0,0
1774523587,0,0,0,0
1774523588,0,0,0,0
1774523589,0,0,0,0
1774523590,0,0,0,0
1774523591,0,0,0,0
1774523592,0,0,0,0
1774523593,0,0,0,0
1774523594,0,0,0,0
1774523595,0,0,0,0
1774523596,0,0,0,0
1774523597,0,0,0,0
1774523598,0,0,0,0
1774523599,0,0,0,0
1774523600,0,0,0,0
1774523601,0,0,0,0
1774523602,0,0,0,0
1774523603,0,0,0,0
1774523604,0,0,0,0
1774523605,0,0,0,0
1774523606,0,0,0,0
1774523607,0,0,0,0
1774523608,0,0,0,0
1774523609,0,0,0,0
1774523610,0,0,0,0
1774523611,0,0,0,0
1774523612,0,0,0,0
1774523613,0,0,0,0
1774523614,0,0,0,0
1774523615,0,0,0,0
1774523616,0,0,0,0
1774523617,0,0,0,0
1774523618,0,0,0,0
1774523619,0,0,0,0
1774523621,0,0,0,0
1774523622,0,0,0,0
1774523623,0,0,0,0
1774523624,0,0,0,0
1774523625,0,0,0,0
1774523626,0,0,0,0
1774523627,0,0,0,0
1774523628,0,0,0,0
1774523629,0,0,0,0
1774523630,0,0,0,0
1774523631,0,0,0,0
1774523632,0,0,0,0
1774523633,0,0,0,0
1774523634,0,0,0,0
1774523635,0,0,0,0
1774523636,0,0,0,0
1774523637,0,0,0,0
1774523638,0,0,0,0
1774523639,0,0,0,0
1774523640,0,0,0,0
1774523641,0,0,0,0
1774523642,0,0,0,0
1774523643,0,0,0,0
1774523644,0,0,0,0
1774523645,0,0,0,0
1774523646,0,0,0,0
1774523647,0,0,0,0
1774523648,0,0,0,0
1774523649,0,0,0,0
1774523650,0,0,0,0
1774523651,0,0,0,0
1774523652,0,0,0,0
1774523653,0,0,0,0
1774523654,0,0,0,0
1774523655,0,0,0,0
1774523656,0,0,0,0
1774523657,0,0,0,0
1774523658,0,0,0,0
1774523659,0,0,0,0
1774523660,0,0,0,0
1774523661,0,0,0,0
1774523662,0,0,0,0
1774523663,0,0,0,0
1774523664,0,0,0,0
1774523665,0,0,0,0
1774523666,0,0,0,0
1774523667,0,0,0,0
1774523668,0,0,0,0
1774523669,0,0,0,0
1774523670,0,0,0,0
1774523671,0,0,0,0
1774523672,0,0,0,0
1774523673,0,0,0,0
1774523674,0,0,0,0
1774523675,0,0,0,0
1774523676,0,0,0,0
1774523677,0,0,0,0
1774523678,0,0,0,0
1774523679,0,0,0,0
1774523680,0,0,0,0
1774523682,0,0,0,0
1774523683,0,0,0,0
1774523684,0,0,0,0
1774523685,0,0,0,0
1774523686,0,0,0,0
1774523687,0,0,0,0
1774523688,0,0,0,0
1774523689,0,0,0,0
1774523690,0,0,0,0
1774523691,0,0,0,0
1774523692,0,0,0,0
1774523693,0,0,0,0
1774523694,0,0,0,0
1774523695,0,0,0,0
1774523696,0,0,0,0
1774523697,0,0,0,0
1774523698,0,0,0,0
1774523699,0,0,0,0
1774523700,0,0,0,0
1774523701,0,0,0,0
1774523702,0,0,0,0
1774523703,0,0,0,0
1774523704,0,0,0,0
1774523705,0,0,0,0
1774523706,0,0,0,0
1774523707,0,0,0,0
1774523708,0,0,0,0
1774523709,0,0,0,0
1774523710,0,0,0,0
1774523711,0,0,0,0
1774523712,0,0,0,0
1774523713,0,0,0,0
1774523714,0,0,0,0
1774523715,0,0,0,0
1774523716,0,0,0,0
1774523717,0,0,0,0
1774523718,0,0,0,0
1774523719,0,0,0,0
1774523720,0,0,0,0
1774523721,0,0,0,0
1774523722,0,0,0,0
1774523723,0,0,0,0
1774523724,0,0,0,0
1774523725,0,0,0,0
1774523726,0,0,0,0
1774523727,0,0,0,0
1774523728,0,0,0,0
1774523729,0,0,0,0
1774523730,0,0,0,0
1774523731,0,0,0,0
1774523732,0,0,0,0
1774523733,0,0,0,0
1774523734,0,0,0,0
1774523735,0,0,0,0
1774523736,0,0,0,0
1774523737,0,0,0,0
1774523738,0,0,0,0
1774523739,0,0,0,0
1774523740,0,0,0,0
1774523741,0,0,0,0
1774523742,0,0,0,0
1774523743,0,0,0,0
1774523744,0,0,0,0
1774523745,0,0,0,0
1774523747,0,0,0,0
1774523748,0,0,0,0
1774523749,0,0,0,0
1774523750,0,0,0,0
1774523751,0,0,0,0
1774523752,0,0,0,0
1774523753,0,0,0,0
1774523754,0,0,0,0
1774523755,0,0,0,0
1774523756,0,0,0,0
1774523757,0,0,0,0
1774523758,0,0,0,0
1774523759,0,0,0,0
1774523760,0,0,0,0
1774523761,0,0,0,0
1774523762,0,0,0,0
1774523763,0,0,0,0
1774523764,0,0,0,0
1774523765,0,0,0,0
1774523766,0,0,0,0
1774523767,0,0,0,0
1774523768,0,0,0,0
1774523769,0,0,0,0
1774523770,0,0,0,0
1774523771,0,0,0,0
1774523772,0,0,0,0
1774523773,0,0,0,0
1774523774,0,0,0,0
1774523775,0,0,0,0
1774523776,0,0,0,0
1774523777,0,0,0,0
1774523778,0,0,0,0
1774523779,0,0,0,0
1774523780,0,0,0,0
1774523781,0,0,0,0
1774523782,0,0,0,0
1774523783,0,0,0,0
1774523784,0,0,0,0
1774523785,0,0,0,0
1774523786,0,0,0,0
1774523787,0,0,0,0
1774523788,0,0,0,0
1774523789,0,0,0,0
1774523790,0,0,0,0
1774523791,0,0,0,0
1774523792,0,0,0,0
1774523793,0,0,0,0
1774523794,0,0,0,0
1774523795,0,0,0,0
1774523796,0,0,0,0
1774523797,0,0,0,0
1774523798,0,0,0,0
1774523799,0,0,0,0
1774523800,0,0,0,0
1774523801,0,0,0,0
1774523802,0,0,0,0
1774523803,0,0,0,0
1774523804,0,0,0,0
1774523805,0,0,0,0
1774523806,0,0,0,0
1774523807,0,0,0,0
1774523809,0,0,0,0
1774523810,0,0,0,0
1774523811,0,0,0,0
1774523812,0,0,0,0
1774523813,0,0,0,0
1774523814,0,0,0,0
1774523815,0,0,0,0
1774523816,0,0,0,0
1774523817,0,0,0,0
1774523818,0,0,0,0
1774523819,0,0,0,0
1774523820,0,0,0,0
1774523821,0,0,0,0
1774523822,0,0,0,0
1774523823,0,0,0,0
1774523824,0,0,0,0
1774523825,0,0,0,0
1774523826,0,0,0,0
1774523827,0,0,0,0
1774523828,0,0,0,0
1774523829,0,0,0,0
1774523830,0,0,0,0
1774523831,0,0,0,0
1774523832,0,0,0,0
1774523833,0,0,0,0
1774523834,0,0,0,0
1774523835,0,0,0,0
1774523836,0,0,0,0
1774523837,0,0,0,0
1774523838,0,0,0,0
1774523839,0,0,0,0
1774523840,0,0,0,0
1774523841,0,0,0,0
1774523842,0,0,0,0
1774523843,0,0,0,0
1774523844,0,0,0,0
1774523845,0,0,0,0
1774523846,0,0,0,0
1774523847,0,0,0,0
1774523848,0,0,0,0
1774523849,0,0,0,0
1774523850,0,0,0,0
1774523851,0,0,0,0
1774523852,0,0,0,0
1774523853,0,0,0,0
1774523854,0,0,0,0
1774523855,0,0,0,0
1774523856,0,0,0,0
1774523857,0,0,0,0
1774523858,0,0,0,0
1774523859,0,0,0,0
1774523860,0,0,0,0
1774523861,0,0,0,0
1774523862,0,0,0,0
1774523863,0,0,0,0
1774523864,0,0,0,0
1774523866,0,0,0,0
1774523867,0,0,0,0
1774523868,0,0,0,0
1774523869,0,0,0,0
1774523870,0,0,0,0
1774523871,0,0,0,0
1774523872,0,0,0,0
1774523873,0,0,0,0
1774523874,0,0,0,0
1774523875,0,0,0,0
1774523876,0,0,0,0
1774523877,0,0,0,0
1774523878,0,0,0,0
1774523879,0,0,0,0
1774523880,0,0,0,0
1774523881,0,0,0,0
1774523882,0,0,0,0
1774523883,0,0,0,0
1774523884,0,0,0,0
1774523885,0,0,0,0
1774523886,0,0,0,0
1774523887,0,0,0,0
1774523888,0,0,0,0
1774523889,0,0,0,0
1774523890,0,0,0,0
1774523891,0,0,0,0
1774523892,0,0,0,0
1774523893,0,0,0,0
1774523894,0,0,0,0
1774523895,0,0,0,0
1774523896,0,0,0,0
1774523897,0,0,0,0
1774523898,0,0,0,0
1774523899,0,0,0,0
1774523900,0,0,0,0
1774523901,0,0,0,0
1774523902,0,0,0,0
1774523903,0,0,0,0
1774523904,0,0,0,0
1774523905,0,0,0,0
1774523906,0,0,0,0
1774523907,0,0,0,0
1774523908,0,0,0,0
1774523909,0,0,0,0
1774523910,0,0,0,0
1774523911,0,0,0,0
1774523912,0,0,0,0
1774523913,0,0,0,0
1774523914,0,0,0,0
1774523915,0,0,0,0
1774523916,0,0,0,0
1774523917,0,0,0,0
1774523918,0,0,0,0
1774523919,0,0,0,0
1774523921,0,0,0,0
1774523922,0,0,0,0
1774523923,0,0,0,0
1774523924,0,0,0,0
1774523925,0,0,0,0
1774523926,0,0,0,0
1774523927,0,0,0,0
1774523928,0,0,0,0
1774523929,0,0,0,0
1774523930,0,0,0,0
1774523931,0,0,0,0
1774523932,0,0,0,0
1774523933,0,0,0,0
1774523934,0,0,0,0
1774523935,0,0,0,0
1774523936,0,0,0,0
1774523937,0,0,0,0
1774523938,0,0,0,0
1774523939,0,0,0,0
1774523940,0,0,0,0
1774523941,0,0,0,0
1774523942,0,0,0,0
1774523943,0,0,0,0
1774523944,0,0,0,0
1774523945,0,0,0,0
1774523946,0,0,0,0
1774523947,0,0,0,0
1774523948,0,0,0,0
1774523949,0,0,0,0
1774523950,0,0,0,0
1774523951,0,0,0,0
1774523952,0,0,0,0
1774523953,0,0,0,0
1774523954,0,0,0,0
1774523955,0,0,0,0
1774523956,0,0,0,0
1774523957,0,0,0,0
1774523958,0,0,0,0
1774523959,0,0,0,0
1774523960,0,0,0,0
1774523961,0,0,0,0
1774523962,0,0,0,0
1774523963,0,0,0,0
1774523964,0,0,0,0
1774523965,0,0,0,0
1774523966,0,0,0,0
1774523967,0,0,0,0
1774523968,0,0,0,0
1774523969,0,0,0,0
1774523970,0,0,0,0
1774523971,0,0,0,0
1774523972,0,0,0,0
1774523973,0,0,0,0
1774523974,0,0,0,0
1774523976,0,0,0,0
1774523977,0,0,0,0
1774523978,0,0,0,0
1774523979,0,0,0,0
1774523980,0,0,0,0
1774523981,0,0,0,0
1774523982,0,0,0,0
1774523983,0,0,0,0
1774523984,0,0,0,0
1774523985,0,0,0,0
1774523986,0,0,0,0
1774523987,0,0,0,0
1774523988,0,0,0,0
1774523989,0,0,0,0
1774523990,0,0,0,0
1774523991,0,0,0,0
1774523992,0,0,0,0
1774523993,0,0,0,0
1774523994,0,0,0,0
1774523995,0,0,0,0
1774523996,0,0,0,0
1774523997,0,0,0,0
1774523998,0,0,0,0
1774523999,0,0,0,0
1774524000,0,0,0,0
1774524001,0,0,0,0
1774524002,0,0,0,0
1774524003,0,0,0,0
1774524004,0,0,0,0
1774524005,0,0,0,0
1774524006,0,0,0,0
1774524007,0,0,0,0
1774524008,0,0,0,0
1774524009,0,0,0,0
1774524010,0,0,0,0
1774524011,0,0,0,0
1774524012,0,0,0,0
1774524013,0,0,0,0
1774524014,0,0,0,0
1774524015,0,0,0,0
1774524016,0,0,0,0
1774524017,0,0,0,0
1774524018,0,0,0,0
1774524019,0,0,0,0
1774524020,0,0,0,0
1774524021,0,0,0,0
1774524022,0,0,0,0
1774524023,0,0,0,0
1774524024,0,0,0,0
1774524025,0,0,0,0
1774524026,0,0,0,0
1774524027,0,0,0,0
1774524028,0,0,0,0
1774524029,0,0,0,0
1774524030,0,0,0,0
1774524032,0,0,0,0
1774524033,0,0,0,0
1774524034,0,0,0,0
1774524035,0,0,0,0
1774524036,0,0,0,0
1774524037,0,0,0,0
1774524038,0,0,0,0
1774524039,0,0,0,0
1774524040,0,0,0,0
1774524041,0,0,0,0
1774524042,0,0,0,0
1774524043,0,0,0,0
1774524044,0,0,0,0
1774524045,0,0,0,0
1774524046,0,0,0,0
1774524047,0,0,0,0
1774524048,0,0,0,0
1774524049,0,0,0,0
1774524050,0,0,0,0
1774524051,0,0,0,0
1774524052,0,0,0,0
1774524053,0,0,0,0
1774524054,0,0,0,0
1774524055,0,0,0,0
1774524056,0,0,0,0
1774524057,0,0,0,0
1774524058,0,0,0,0
1774524059,0,0,0,0
1774524060,0,0,0,0
1774524061,0,0,0,0
1774524062,0,0,0,0
1774524063,0,0,0,0
1774524064,0,0,0,0
1774524065,0,0,0,0
1774524066,0,0,0,0
1774524067,0,0,0,0
1774524068,0,0,0,0
1774524069,0,0,0,0
1774524070,0,0,0,0
1774524071,0,0,0,0
1774524072,0,0,0,0
1774524073,0,0,0,0
1774524074,0,0,0,0
1774524075,0,0,0,0
1774524076,0,0,0,0
1774524077,0,0,0,0
1774524078,0,0,0,0
1774524079,0,0,0,0
1774524080,0,0,0,0
1774524081,0,0,0,0
1774524082,0,0,0,0
1774524083,0,0,0,0
1774524084,0,0,0,0
1774524085,0,0,0,0
1774524086,0,0,0,0
1774524087,0,0,0,0
1774524088,0,0,0,0
1774524089,0,0,0,0
1774524091,0,0,0,0
1774524092,0,0,0,0
1774524093,0,0,0,0
1774524094,0,0,0,0
1774524095,0,0,0,0
1774524096,0,0,0,0
1774524097,0,0,0,0
1774524098,0,0,0,0
1774524099,0,0,0,0
1774524100,0,0,0,0
1774524101,0,0,0,0
1774524102,0,0,0,0
1774524103,0,0,0,0
1774524104,0,0,0,0
1774524105,0,0,0,0
1774524106,0,0,0,0
1774524107,0,0,0,0
1774524108,0,0,0,0
1774524109,0,0,0,0
1774524110,0,0,0,0
1774524111,0,0,0,0
1774524112,0,0,0,0
1774524113,0,0,0,0
1774524114,0,0,0,0
1774524115,0,0,0,0
1774524116,0,0,0,0
1774524117,0,0,0,0
1774524118,0,0,0,0
1774524119,0,0,0,0
1774524120,0,0,0,0
1774524121,0,0,0,0
1774524122,0,0,0,0
